[[ 0  5 15 14]
 [ 7  9  6 13]
 [ 1  2 12 10]
 [ 8 11  4  3]]
---------------
[[ 7  5 15 14]
 [ 0  9  6 13]
 [ 1  2 12 10]
 [ 8 11  4  3]]   step 1
---------------
[[ 7  5 15 14]
 [ 1  9  6 13]
 [ 0  2 12 10]
 [ 8 11  4  3]]   step 2
---------------
[[ 7  5 15 14]
 [ 1  9  6 13]
 [ 2  0 12 10]
 [ 8 11  4  3]]   step 3
---------------
[[ 7  5 15 14]
 [ 1  0  6 13]
 [ 2  9 12 10]
 [ 8 11  4  3]]   step 4
---------------
[[ 7  0 15 14]
 [ 1  5  6 13]
 [ 2  9 12 10]
 [ 8 11  4  3]]   step 5
---------------
[[ 0  7 15 14]
 [ 1  5  6 13]
 [ 2  9 12 10]
 [ 8 11  4  3]]   step 6
---------------
[[ 1  7 15 14]
 [ 0  5  6 13]
 [ 2  9 12 10]
 [ 8 11  4  3]]   step 7
---------------
[[ 1  7 15 14]
 [ 2  5  6 13]
 [ 0  9 12 10]
 [ 8 11  4  3]]   step 8
---------------
[[ 1  7 15 14]
 [ 2  5  6 13]
 [ 9  0 12 10]
 [ 8 11  4  3]]   step 9
---------------
[[ 1  7 15 14]
 [ 2  0  6 13]
 [ 9  5 12 10]
 [ 8 11  4  3]]   step 10
---------------
[[ 1  7 15 14]
 [ 2  6  0 13]
 [ 9  5 12 10]
 [ 8 11  4  3]]   step 11
---------------
[[ 1  7 15 14]
 [ 2  6 13  0]
 [ 9  5 12 10]
 [ 8 11  4  3]]   step 12
---------------
[[ 1  7 15 14]
 [ 2  6 13 10]
 [ 9  5 12  0]
 [ 8 11  4  3]]   step 13
---------------
[[ 1  7 15 14]
 [ 2  6 13 10]
 [ 9  5 12  3]
 [ 8 11  4  0]]   step 14
---------------
[[ 1  7 15 14]
 [ 2  6 13 10]
 [ 9  5 12  3]
 [ 8 11  0  4]]   step 15
---------------
[[ 1  7 15 14]
 [ 2  6 13 10]
 [ 9  5 12  3]
 [ 8  0 11  4]]   step 16
---------------
[[ 1  7 15 14]
 [ 2  6 13 10]
 [ 9  5 12  3]
 [ 0  8 11  4]]   step 17
---------------
[[ 1  7 15 14]
 [ 2  6 13 10]
 [ 0  5 12  3]
 [ 9  8 11  4]]   step 18
---------------
[[ 1  7 15 14]
 [ 2  6 13 10]
 [ 5  0 12  3]
 [ 9  8 11  4]]   step 19
---------------
[[ 1  7 15 14]
 [ 2  0 13 10]
 [ 5  6 12  3]
 [ 9  8 11  4]]   step 20
---------------
[[ 1  7 15 14]
 [ 2 13  0 10]
 [ 5  6 12  3]
 [ 9  8 11  4]]   step 21
---------------
[[ 1  7 15 14]
 [ 2 13 10  0]
 [ 5  6 12  3]
 [ 9  8 11  4]]   step 22
---------------
[[ 1  7 15 14]
 [ 2 13 10  3]
 [ 5  6 12  0]
 [ 9  8 11  4]]   step 23
---------------
[[ 1  7 15 14]
 [ 2 13 10  3]
 [ 5  6  0 12]
 [ 9  8 11  4]]   step 24
---------------
[[ 1  7 15 14]
 [ 2 13  0  3]
 [ 5  6 10 12]
 [ 9  8 11  4]]   step 25
---------------
[[ 1  7 15 14]
 [ 2 13  3  0]
 [ 5  6 10 12]
 [ 9  8 11  4]]   step 26
---------------
[[ 1  7 15  0]
 [ 2 13  3 14]
 [ 5  6 10 12]
 [ 9  8 11  4]]   step 27
---------------
[[ 1  7  0 15]
 [ 2 13  3 14]
 [ 5  6 10 12]
 [ 9  8 11  4]]   step 28
---------------
[[ 1  7  3 15]
 [ 2 13  0 14]
 [ 5  6 10 12]
 [ 9  8 11  4]]   step 29
---------------
[[ 1  7  3 15]
 [ 2 13 10 14]
 [ 5  6  0 12]
 [ 9  8 11  4]]   step 30
---------------
[[ 1  7  3 15]
 [ 2 13 10 14]
 [ 5  6 11 12]
 [ 9  8  0  4]]   step 31
---------------
[[ 1  7  3 15]
 [ 2 13 10 14]
 [ 5  6 11 12]
 [ 9  0  8  4]]   step 32
---------------
[[ 1  7  3 15]
 [ 2 13 10 14]
 [ 5  6 11 12]
 [ 0  9  8  4]]   step 33
---------------
[[ 1  7  3 15]
 [ 2 13 10 14]
 [ 0  6 11 12]
 [ 5  9  8  4]]   step 34
---------------
[[ 1  7  3 15]
 [ 2 13 10 14]
 [ 6  0 11 12]
 [ 5  9  8  4]]   step 35
---------------
[[ 1  7  3 15]
 [ 2  0 10 14]
 [ 6 13 11 12]
 [ 5  9  8  4]]   step 36
---------------
[[ 1  7  3 15]
 [ 2 10  0 14]
 [ 6 13 11 12]
 [ 5  9  8  4]]   step 37
---------------
[[ 1  7  3 15]
 [ 2 10 14  0]
 [ 6 13 11 12]
 [ 5  9  8  4]]   step 38
---------------
[[ 1  7  3  0]
 [ 2 10 14 15]
 [ 6 13 11 12]
 [ 5  9  8  4]]   step 39
---------------
[[ 1  7  0  3]
 [ 2 10 14 15]
 [ 6 13 11 12]
 [ 5  9  8  4]]   step 40
---------------
[[ 1  7 14  3]
 [ 2 10  0 15]
 [ 6 13 11 12]
 [ 5  9  8  4]]   step 41
---------------
[[ 1  7 14  3]
 [ 2  0 10 15]
 [ 6 13 11 12]
 [ 5  9  8  4]]   step 42
---------------
[[ 1  7 14  3]
 [ 0  2 10 15]
 [ 6 13 11 12]
 [ 5  9  8  4]]   step 43
---------------
[[ 1  7 14  3]
 [ 6  2 10 15]
 [ 0 13 11 12]
 [ 5  9  8  4]]   step 44
---------------
[[ 1  7 14  3]
 [ 6  2 10 15]
 [ 5 13 11 12]
 [ 0  9  8  4]]   step 45
---------------
[[ 1  7 14  3]
 [ 6  2 10 15]
 [ 5 13 11 12]
 [ 9  0  8  4]]   step 46
---------------
[[ 1  7 14  3]
 [ 6  2 10 15]
 [ 5  0 11 12]
 [ 9 13  8  4]]   step 47
---------------
[[ 1  7 14  3]
 [ 6  2 10 15]
 [ 5 11  0 12]
 [ 9 13  8  4]]   step 48
---------------
[[ 1  7 14  3]
 [ 6  2  0 15]
 [ 5 11 10 12]
 [ 9 13  8  4]]   step 49
---------------
[[ 1  7  0  3]
 [ 6  2 14 15]
 [ 5 11 10 12]
 [ 9 13  8  4]]   step 50
---------------
[[ 1  0  7  3]
 [ 6  2 14 15]
 [ 5 11 10 12]
 [ 9 13  8  4]]   step 51
---------------
[[ 1  2  7  3]
 [ 6  0 14 15]
 [ 5 11 10 12]
 [ 9 13  8  4]]   step 52
---------------
[[ 1  2  7  3]
 [ 0  6 14 15]
 [ 5 11 10 12]
 [ 9 13  8  4]]   step 53
---------------
[[ 1  2  7  3]
 [ 5  6 14 15]
 [ 0 11 10 12]
 [ 9 13  8  4]]   step 54
---------------
[[ 1  2  7  3]
 [ 5  6 14 15]
 [ 9 11 10 12]
 [ 0 13  8  4]]   step 55
---------------
[[ 1  2  7  3]
 [ 5  6 14 15]
 [ 9 11 10 12]
 [13  0  8  4]]   step 56
---------------
[[ 1  2  7  3]
 [ 5  6 14 15]
 [ 9  0 10 12]
 [13 11  8  4]]   step 57
---------------
[[ 1  2  7  3]
 [ 5  0 14 15]
 [ 9  6 10 12]
 [13 11  8  4]]   step 58
---------------
[[ 1  2  7  3]
 [ 5 14  0 15]
 [ 9  6 10 12]
 [13 11  8  4]]   step 59
---------------
[[ 1  2  7  3]
 [ 5 14 10 15]
 [ 9  6  0 12]
 [13 11  8  4]]   step 60
---------------
[[ 1  2  7  3]
 [ 5 14 10 15]
 [ 9  6 12  0]
 [13 11  8  4]]   step 61
---------------
[[ 1  2  7  3]
 [ 5 14 10 15]
 [ 9  6 12  4]
 [13 11  8  0]]   step 62
---------------
[[ 1  2  7  3]
 [ 5 14 10 15]
 [ 9  6 12  4]
 [13 11  0  8]]   step 63
---------------
[[ 1  2  7  3]
 [ 5 14 10 15]
 [ 9  6  0  4]
 [13 11 12  8]]   step 64
---------------
[[ 1  2  7  3]
 [ 5 14  0 15]
 [ 9  6 10  4]
 [13 11 12  8]]   step 65
---------------
[[ 1  2  7  3]
 [ 5 14 15  0]
 [ 9  6 10  4]
 [13 11 12  8]]   step 66
---------------
[[ 1  2  7  3]
 [ 5 14 15  4]
 [ 9  6 10  0]
 [13 11 12  8]]   step 67
---------------
[[ 1  2  7  3]
 [ 5 14 15  4]
 [ 9  6 10  8]
 [13 11 12  0]]   step 68
---------------
[[ 1  2  7  3]
 [ 5 14 15  4]
 [ 9  6 10  8]
 [13 11  0 12]]   step 69
---------------
[[ 1  2  7  3]
 [ 5 14 15  4]
 [ 9  6  0  8]
 [13 11 10 12]]   step 70
---------------
[[ 1  2  7  3]
 [ 5 14  0  4]
 [ 9  6 15  8]
 [13 11 10 12]]   step 71
---------------
[[ 1  2  7  3]
 [ 5  0 14  4]
 [ 9  6 15  8]
 [13 11 10 12]]   step 72
---------------
[[ 1  2  7  3]
 [ 5  6 14  4]
 [ 9  0 15  8]
 [13 11 10 12]]   step 73
---------------
[[ 1  2  7  3]
 [ 5  6 14  4]
 [ 9 11 15  8]
 [13  0 10 12]]   step 74
---------------
[[ 1  2  7  3]
 [ 5  6 14  4]
 [ 9 11 15  8]
 [13 10  0 12]]   step 75
---------------
[[ 1  2  7  3]
 [ 5  6 14  4]
 [ 9 11  0  8]
 [13 10 15 12]]   step 76
---------------
[[ 1  2  7  3]
 [ 5  6  0  4]
 [ 9 11 14  8]
 [13 10 15 12]]   step 77
---------------
[[ 1  2  0  3]
 [ 5  6  7  4]
 [ 9 11 14  8]
 [13 10 15 12]]   step 78
---------------
[[ 1  2  3  0]
 [ 5  6  7  4]
 [ 9 11 14  8]
 [13 10 15 12]]   step 79
---------------
[[ 1  2  3  4]
 [ 5  6  7  0]
 [ 9 11 14  8]
 [13 10 15 12]]   step 80
---------------
[[ 1  2  3  4]
 [ 5  6  7  8]
 [ 9 11 14  0]
 [13 10 15 12]]   step 81
---------------
[[ 1  2  3  4]
 [ 5  6  7  8]
 [ 9 11 14 12]
 [13 10 15  0]]   step 82
---------------
[[ 1  2  3  4]
 [ 5  6  7  8]
 [ 9 11 14 12]
 [13 10  0 15]]   step 83
---------------
[[ 1  2  3  4]
 [ 5  6  7  8]
 [ 9 11  0 12]
 [13 10 14 15]]   step 84
---------------
[[ 1  2  3  4]
 [ 5  6  7  8]
 [ 9  0 11 12]
 [13 10 14 15]]   step 85
---------------
[[ 1  2  3  4]
 [ 5  6  7  8]
 [ 9 10 11 12]
 [13  0 14 15]]   step 86
---------------
[[ 1  2  3  4]
 [ 5  6  7  8]
 [ 9 10 11 12]
 [13 14  0 15]]   step 87
---------------
[[ 1  2  3  4]
 [ 5  6  7  8]
 [ 9 10 11 12]
 [13 14 15  0]]   step 88
---------------
We tried 88 times
The search time is 8.6370868 seconds!
