[[ 1  7  8 10]
 [ 6  9 15 14]
 [13  3  0  4]
 [11  5 12  2]]
---------------
[[ 1  7  8 10]
 [ 6  9  0 14]
 [13  3 15  4]
 [11  5 12  2]]   step 1
---------------
[[ 1  7  8 10]
 [ 6  9 14  0]
 [13  3 15  4]
 [11  5 12  2]]   step 2
---------------
[[ 1  7  8  0]
 [ 6  9 14 10]
 [13  3 15  4]
 [11  5 12  2]]   step 3
---------------
[[ 1  7  0  8]
 [ 6  9 14 10]
 [13  3 15  4]
 [11  5 12  2]]   step 4
---------------
[[ 1  0  7  8]
 [ 6  9 14 10]
 [13  3 15  4]
 [11  5 12  2]]   step 5
---------------
[[ 1  9  7  8]
 [ 6  0 14 10]
 [13  3 15  4]
 [11  5 12  2]]   step 6
---------------
[[ 1  9  7  8]
 [ 6  3 14 10]
 [13  0 15  4]
 [11  5 12  2]]   step 7
---------------
[[ 1  9  7  8]
 [ 6  3 14 10]
 [13  5 15  4]
 [11  0 12  2]]   step 8
---------------
[[ 1  9  7  8]
 [ 6  3 14 10]
 [13  5 15  4]
 [ 0 11 12  2]]   step 9
---------------
[[ 1  9  7  8]
 [ 6  3 14 10]
 [ 0  5 15  4]
 [13 11 12  2]]   step 10
---------------
[[ 1  9  7  8]
 [ 6  3 14 10]
 [ 5  0 15  4]
 [13 11 12  2]]   step 11
---------------
[[ 1  9  7  8]
 [ 6  3 14 10]
 [ 5 15  0  4]
 [13 11 12  2]]   step 12
---------------
[[ 1  9  7  8]
 [ 6  3  0 10]
 [ 5 15 14  4]
 [13 11 12  2]]   step 13
---------------
[[ 1  9  7  8]
 [ 6  3 10  0]
 [ 5 15 14  4]
 [13 11 12  2]]   step 14
---------------
[[ 1  9  7  8]
 [ 6  3 10  4]
 [ 5 15 14  0]
 [13 11 12  2]]   step 15
---------------
[[ 1  9  7  8]
 [ 6  3 10  4]
 [ 5 15 14  2]
 [13 11 12  0]]   step 16
---------------
[[ 1  9  7  8]
 [ 6  3 10  4]
 [ 5 15 14  2]
 [13 11  0 12]]   step 17
---------------
[[ 1  9  7  8]
 [ 6  3 10  4]
 [ 5 15  0  2]
 [13 11 14 12]]   step 18
---------------
[[ 1  9  7  8]
 [ 6  3 10  4]
 [ 5  0 15  2]
 [13 11 14 12]]   step 19
---------------
[[ 1  9  7  8]
 [ 6  3 10  4]
 [ 5 11 15  2]
 [13  0 14 12]]   step 20
---------------
[[ 1  9  7  8]
 [ 6  3 10  4]
 [ 5 11 15  2]
 [13 14  0 12]]   step 21
---------------
[[ 1  9  7  8]
 [ 6  3 10  4]
 [ 5 11  0  2]
 [13 14 15 12]]   step 22
---------------
[[ 1  9  7  8]
 [ 6  3 10  4]
 [ 5  0 11  2]
 [13 14 15 12]]   step 23
---------------
[[ 1  9  7  8]
 [ 6  0 10  4]
 [ 5  3 11  2]
 [13 14 15 12]]   step 24
---------------
[[ 1  9  7  8]
 [ 6 10  0  4]
 [ 5  3 11  2]
 [13 14 15 12]]   step 25
---------------
[[ 1  9  7  8]
 [ 6 10  4  0]
 [ 5  3 11  2]
 [13 14 15 12]]   step 26
---------------
[[ 1  9  7  8]
 [ 6 10  4  2]
 [ 5  3 11  0]
 [13 14 15 12]]   step 27
---------------
[[ 1  9  7  8]
 [ 6 10  4  2]
 [ 5  3  0 11]
 [13 14 15 12]]   step 28
---------------
[[ 1  9  7  8]
 [ 6 10  4  2]
 [ 5  0  3 11]
 [13 14 15 12]]   step 29
---------------
[[ 1  9  7  8]
 [ 6  0  4  2]
 [ 5 10  3 11]
 [13 14 15 12]]   step 30
---------------
[[ 1  0  7  8]
 [ 6  9  4  2]
 [ 5 10  3 11]
 [13 14 15 12]]   step 31
---------------
[[ 1  7  0  8]
 [ 6  9  4  2]
 [ 5 10  3 11]
 [13 14 15 12]]   step 32
---------------
[[ 1  7  4  8]
 [ 6  9  0  2]
 [ 5 10  3 11]
 [13 14 15 12]]   step 33
---------------
[[ 1  7  4  8]
 [ 6  9  3  2]
 [ 5 10  0 11]
 [13 14 15 12]]   step 34
---------------
[[ 1  7  4  8]
 [ 6  9  3  2]
 [ 5  0 10 11]
 [13 14 15 12]]   step 35
---------------
[[ 1  7  4  8]
 [ 6  9  3  2]
 [ 0  5 10 11]
 [13 14 15 12]]   step 36
---------------
[[ 1  7  4  8]
 [ 0  9  3  2]
 [ 6  5 10 11]
 [13 14 15 12]]   step 37
---------------
[[ 1  7  4  8]
 [ 9  0  3  2]
 [ 6  5 10 11]
 [13 14 15 12]]   step 38
---------------
[[ 1  7  4  8]
 [ 9  5  3  2]
 [ 6  0 10 11]
 [13 14 15 12]]   step 39
---------------
[[ 1  7  4  8]
 [ 9  5  3  2]
 [ 0  6 10 11]
 [13 14 15 12]]   step 40
---------------
[[ 1  7  4  8]
 [ 0  5  3  2]
 [ 9  6 10 11]
 [13 14 15 12]]   step 41
---------------
[[ 1  7  4  8]
 [ 5  0  3  2]
 [ 9  6 10 11]
 [13 14 15 12]]   step 42
---------------
[[ 1  7  4  8]
 [ 5  3  0  2]
 [ 9  6 10 11]
 [13 14 15 12]]   step 43
---------------
[[ 1  7  4  8]
 [ 5  3  2  0]
 [ 9  6 10 11]
 [13 14 15 12]]   step 44
---------------
[[ 1  7  4  0]
 [ 5  3  2  8]
 [ 9  6 10 11]
 [13 14 15 12]]   step 45
---------------
[[ 1  7  0  4]
 [ 5  3  2  8]
 [ 9  6 10 11]
 [13 14 15 12]]   step 46
---------------
[[ 1  0  7  4]
 [ 5  3  2  8]
 [ 9  6 10 11]
 [13 14 15 12]]   step 47
---------------
[[ 1  3  7  4]
 [ 5  0  2  8]
 [ 9  6 10 11]
 [13 14 15 12]]   step 48
---------------
[[ 1  3  7  4]
 [ 5  2  0  8]
 [ 9  6 10 11]
 [13 14 15 12]]   step 49
---------------
[[ 1  3  0  4]
 [ 5  2  7  8]
 [ 9  6 10 11]
 [13 14 15 12]]   step 50
---------------
[[ 1  0  3  4]
 [ 5  2  7  8]
 [ 9  6 10 11]
 [13 14 15 12]]   step 51
---------------
[[ 1  2  3  4]
 [ 5  0  7  8]
 [ 9  6 10 11]
 [13 14 15 12]]   step 52
---------------
[[ 1  2  3  4]
 [ 5  6  7  8]
 [ 9  0 10 11]
 [13 14 15 12]]   step 53
---------------
[[ 1  2  3  4]
 [ 5  6  7  8]
 [ 9 10  0 11]
 [13 14 15 12]]   step 54
---------------
[[ 1  2  3  4]
 [ 5  6  7  8]
 [ 9 10 11  0]
 [13 14 15 12]]   step 55
---------------
[[ 1  2  3  4]
 [ 5  6  7  8]
 [ 9 10 11 12]
 [13 14 15  0]]   step 56
---------------
We tried 56 times
The search time is 0.11731849999999999 seconds!
