[[14 10  6  0]
 [ 4  9  1  8]
 [ 2  3  5 11]
 [12 13  7 15]]
---------------
[[14 10  0  6]
 [ 4  9  1  8]
 [ 2  3  5 11]
 [12 13  7 15]]   step 1
---------------
[[14  0 10  6]
 [ 4  9  1  8]
 [ 2  3  5 11]
 [12 13  7 15]]   step 2
---------------
[[ 0 14 10  6]
 [ 4  9  1  8]
 [ 2  3  5 11]
 [12 13  7 15]]   step 3
---------------
[[ 4 14 10  6]
 [ 0  9  1  8]
 [ 2  3  5 11]
 [12 13  7 15]]   step 4
---------------
[[ 4 14 10  6]
 [ 2  9  1  8]
 [ 0  3  5 11]
 [12 13  7 15]]   step 5
---------------
[[ 4 14 10  6]
 [ 2  9  1  8]
 [12  3  5 11]
 [ 0 13  7 15]]   step 6
---------------
[[ 4 14 10  6]
 [ 2  9  1  8]
 [12  3  5 11]
 [13  0  7 15]]   step 7
---------------
[[ 4 14 10  6]
 [ 2  9  1  8]
 [12  0  5 11]
 [13  3  7 15]]   step 8
---------------
[[ 4 14 10  6]
 [ 2  0  1  8]
 [12  9  5 11]
 [13  3  7 15]]   step 9
---------------
[[ 4  0 10  6]
 [ 2 14  1  8]
 [12  9  5 11]
 [13  3  7 15]]   step 10
---------------
[[ 0  4 10  6]
 [ 2 14  1  8]
 [12  9  5 11]
 [13  3  7 15]]   step 11
---------------
[[ 2  4 10  6]
 [ 0 14  1  8]
 [12  9  5 11]
 [13  3  7 15]]   step 12
---------------
[[ 2  4 10  6]
 [14  0  1  8]
 [12  9  5 11]
 [13  3  7 15]]   step 13
---------------
[[ 2  4 10  6]
 [14  9  1  8]
 [12  0  5 11]
 [13  3  7 15]]   step 14
---------------
[[ 2  4 10  6]
 [14  9  1  8]
 [ 0 12  5 11]
 [13  3  7 15]]   step 15
---------------
[[ 2  4 10  6]
 [ 0  9  1  8]
 [14 12  5 11]
 [13  3  7 15]]   step 16
---------------
[[ 2  4 10  6]
 [ 9  0  1  8]
 [14 12  5 11]
 [13  3  7 15]]   step 17
---------------
[[ 2  4 10  6]
 [ 9  1  0  8]
 [14 12  5 11]
 [13  3  7 15]]   step 18
---------------
[[ 2  4 10  6]
 [ 9  1  5  8]
 [14 12  0 11]
 [13  3  7 15]]   step 19
---------------
[[ 2  4 10  6]
 [ 9  1  5  8]
 [14 12 11  0]
 [13  3  7 15]]   step 20
---------------
[[ 2  4 10  6]
 [ 9  1  5  8]
 [14 12 11 15]
 [13  3  7  0]]   step 21
---------------
[[ 2  4 10  6]
 [ 9  1  5  8]
 [14 12 11 15]
 [13  3  0  7]]   step 22
---------------
[[ 2  4 10  6]
 [ 9  1  5  8]
 [14 12  0 15]
 [13  3 11  7]]   step 23
---------------
[[ 2  4 10  6]
 [ 9  1  5  8]
 [14  0 12 15]
 [13  3 11  7]]   step 24
---------------
[[ 2  4 10  6]
 [ 9  1  5  8]
 [ 0 14 12 15]
 [13  3 11  7]]   step 25
---------------
[[ 2  4 10  6]
 [ 0  1  5  8]
 [ 9 14 12 15]
 [13  3 11  7]]   step 26
---------------
[[ 2  4 10  6]
 [ 1  0  5  8]
 [ 9 14 12 15]
 [13  3 11  7]]   step 27
---------------
[[ 2  4 10  6]
 [ 1  5  0  8]
 [ 9 14 12 15]
 [13  3 11  7]]   step 28
---------------
[[ 2  4  0  6]
 [ 1  5 10  8]
 [ 9 14 12 15]
 [13  3 11  7]]   step 29
---------------
[[ 2  0  4  6]
 [ 1  5 10  8]
 [ 9 14 12 15]
 [13  3 11  7]]   step 30
---------------
[[ 2  5  4  6]
 [ 1  0 10  8]
 [ 9 14 12 15]
 [13  3 11  7]]   step 31
---------------
[[ 2  5  4  6]
 [ 1 14 10  8]
 [ 9  0 12 15]
 [13  3 11  7]]   step 32
---------------
[[ 2  5  4  6]
 [ 1 14 10  8]
 [ 9  3 12 15]
 [13  0 11  7]]   step 33
---------------
[[ 2  5  4  6]
 [ 1 14 10  8]
 [ 9  3 12 15]
 [13 11  0  7]]   step 34
---------------
[[ 2  5  4  6]
 [ 1 14 10  8]
 [ 9  3  0 15]
 [13 11 12  7]]   step 35
---------------
[[ 2  5  4  6]
 [ 1 14 10  8]
 [ 9  0  3 15]
 [13 11 12  7]]   step 36
---------------
[[ 2  5  4  6]
 [ 1  0 10  8]
 [ 9 14  3 15]
 [13 11 12  7]]   step 37
---------------
[[ 2  5  4  6]
 [ 1 10  0  8]
 [ 9 14  3 15]
 [13 11 12  7]]   step 38
---------------
[[ 2  5  4  6]
 [ 1 10  3  8]
 [ 9 14  0 15]
 [13 11 12  7]]   step 39
---------------
[[ 2  5  4  6]
 [ 1 10  3  8]
 [ 9 14 12 15]
 [13 11  0  7]]   step 40
---------------
[[ 2  5  4  6]
 [ 1 10  3  8]
 [ 9 14 12 15]
 [13 11  7  0]]   step 41
---------------
[[ 2  5  4  6]
 [ 1 10  3  8]
 [ 9 14 12  0]
 [13 11  7 15]]   step 42
---------------
[[ 2  5  4  6]
 [ 1 10  3  0]
 [ 9 14 12  8]
 [13 11  7 15]]   step 43
---------------
[[ 2  5  4  0]
 [ 1 10  3  6]
 [ 9 14 12  8]
 [13 11  7 15]]   step 44
---------------
[[ 2  5  0  4]
 [ 1 10  3  6]
 [ 9 14 12  8]
 [13 11  7 15]]   step 45
---------------
[[ 2  5  3  4]
 [ 1 10  0  6]
 [ 9 14 12  8]
 [13 11  7 15]]   step 46
---------------
[[ 2  5  3  4]
 [ 1  0 10  6]
 [ 9 14 12  8]
 [13 11  7 15]]   step 47
---------------
[[ 2  0  3  4]
 [ 1  5 10  6]
 [ 9 14 12  8]
 [13 11  7 15]]   step 48
---------------
[[ 0  2  3  4]
 [ 1  5 10  6]
 [ 9 14 12  8]
 [13 11  7 15]]   step 49
---------------
[[ 1  2  3  4]
 [ 0  5 10  6]
 [ 9 14 12  8]
 [13 11  7 15]]   step 50
---------------
[[ 1  2  3  4]
 [ 5  0 10  6]
 [ 9 14 12  8]
 [13 11  7 15]]   step 51
---------------
[[ 1  2  3  4]
 [ 5 10  0  6]
 [ 9 14 12  8]
 [13 11  7 15]]   step 52
---------------
[[ 1  2  3  4]
 [ 5 10  6  0]
 [ 9 14 12  8]
 [13 11  7 15]]   step 53
---------------
[[ 1  2  3  4]
 [ 5 10  6  8]
 [ 9 14 12  0]
 [13 11  7 15]]   step 54
---------------
[[ 1  2  3  4]
 [ 5 10  6  8]
 [ 9 14  0 12]
 [13 11  7 15]]   step 55
---------------
[[ 1  2  3  4]
 [ 5 10  6  8]
 [ 9 14  7 12]
 [13 11  0 15]]   step 56
---------------
[[ 1  2  3  4]
 [ 5 10  6  8]
 [ 9 14  7 12]
 [13  0 11 15]]   step 57
---------------
[[ 1  2  3  4]
 [ 5 10  6  8]
 [ 9  0  7 12]
 [13 14 11 15]]   step 58
---------------
[[ 1  2  3  4]
 [ 5  0  6  8]
 [ 9 10  7 12]
 [13 14 11 15]]   step 59
---------------
[[ 1  2  3  4]
 [ 5  6  0  8]
 [ 9 10  7 12]
 [13 14 11 15]]   step 60
---------------
[[ 1  2  3  4]
 [ 5  6  7  8]
 [ 9 10  0 12]
 [13 14 11 15]]   step 61
---------------
[[ 1  2  3  4]
 [ 5  6  7  8]
 [ 9 10 11 12]
 [13 14  0 15]]   step 62
---------------
[[ 1  2  3  4]
 [ 5  6  7  8]
 [ 9 10 11 12]
 [13 14 15  0]]   step 63
---------------
We tried 63 times
The search time is 1.4760733000000001 seconds!
