[[11  3  1  7]
 [ 4  6  8  2]
 [15  9 10 13]
 [14 12  5  0]]
---------------
[[11  3  1  7]
 [ 4  6  8  2]
 [15  9 10  0]
 [14 12  5 13]]   step 1
---------------
[[11  3  1  7]
 [ 4  6  8  2]
 [15  9  0 10]
 [14 12  5 13]]   step 2
---------------
[[11  3  1  7]
 [ 4  6  8  2]
 [15  9  5 10]
 [14 12  0 13]]   step 3
---------------
[[11  3  1  7]
 [ 4  6  8  2]
 [15  9  5 10]
 [14  0 12 13]]   step 4
---------------
[[11  3  1  7]
 [ 4  6  8  2]
 [15  9  5 10]
 [ 0 14 12 13]]   step 5
---------------
[[11  3  1  7]
 [ 4  6  8  2]
 [ 0  9  5 10]
 [15 14 12 13]]   step 6
---------------
[[11  3  1  7]
 [ 4  6  8  2]
 [ 9  0  5 10]
 [15 14 12 13]]   step 7
---------------
[[11  3  1  7]
 [ 4  0  8  2]
 [ 9  6  5 10]
 [15 14 12 13]]   step 8
---------------
[[11  0  1  7]
 [ 4  3  8  2]
 [ 9  6  5 10]
 [15 14 12 13]]   step 9
---------------
[[11  1  0  7]
 [ 4  3  8  2]
 [ 9  6  5 10]
 [15 14 12 13]]   step 10
---------------
[[11  1  8  7]
 [ 4  3  0  2]
 [ 9  6  5 10]
 [15 14 12 13]]   step 11
---------------
[[11  1  8  7]
 [ 4  0  3  2]
 [ 9  6  5 10]
 [15 14 12 13]]   step 12
---------------
[[11  1  8  7]
 [ 0  4  3  2]
 [ 9  6  5 10]
 [15 14 12 13]]   step 13
---------------
[[ 0  1  8  7]
 [11  4  3  2]
 [ 9  6  5 10]
 [15 14 12 13]]   step 14
---------------
[[ 1  0  8  7]
 [11  4  3  2]
 [ 9  6  5 10]
 [15 14 12 13]]   step 15
---------------
[[ 1  4  8  7]
 [11  0  3  2]
 [ 9  6  5 10]
 [15 14 12 13]]   step 16
---------------
[[ 1  4  8  7]
 [11  3  0  2]
 [ 9  6  5 10]
 [15 14 12 13]]   step 17
---------------
[[ 1  4  8  7]
 [11  3  2  0]
 [ 9  6  5 10]
 [15 14 12 13]]   step 18
---------------
[[ 1  4  8  7]
 [11  3  2 10]
 [ 9  6  5  0]
 [15 14 12 13]]   step 19
---------------
[[ 1  4  8  7]
 [11  3  2 10]
 [ 9  6  5 13]
 [15 14 12  0]]   step 20
---------------
[[ 1  4  8  7]
 [11  3  2 10]
 [ 9  6  5 13]
 [15 14  0 12]]   step 21
---------------
[[ 1  4  8  7]
 [11  3  2 10]
 [ 9  6  0 13]
 [15 14  5 12]]   step 22
---------------
[[ 1  4  8  7]
 [11  3  2 10]
 [ 9  6 13  0]
 [15 14  5 12]]   step 23
---------------
[[ 1  4  8  7]
 [11  3  2  0]
 [ 9  6 13 10]
 [15 14  5 12]]   step 24
---------------
[[ 1  4  8  0]
 [11  3  2  7]
 [ 9  6 13 10]
 [15 14  5 12]]   step 25
---------------
[[ 1  4  0  8]
 [11  3  2  7]
 [ 9  6 13 10]
 [15 14  5 12]]   step 26
---------------
[[ 1  0  4  8]
 [11  3  2  7]
 [ 9  6 13 10]
 [15 14  5 12]]   step 27
---------------
[[ 1  3  4  8]
 [11  0  2  7]
 [ 9  6 13 10]
 [15 14  5 12]]   step 28
---------------
[[ 1  3  4  8]
 [11  6  2  7]
 [ 9  0 13 10]
 [15 14  5 12]]   step 29
---------------
[[ 1  3  4  8]
 [11  6  2  7]
 [ 0  9 13 10]
 [15 14  5 12]]   step 30
---------------
[[ 1  3  4  8]
 [11  6  2  7]
 [15  9 13 10]
 [ 0 14  5 12]]   step 31
---------------
[[ 1  3  4  8]
 [11  6  2  7]
 [15  9 13 10]
 [14  0  5 12]]   step 32
---------------
[[ 1  3  4  8]
 [11  6  2  7]
 [15  0 13 10]
 [14  9  5 12]]   step 33
---------------
[[ 1  3  4  8]
 [11  0  2  7]
 [15  6 13 10]
 [14  9  5 12]]   step 34
---------------
[[ 1  3  4  8]
 [11  2  0  7]
 [15  6 13 10]
 [14  9  5 12]]   step 35
---------------
[[ 1  3  4  8]
 [11  2  7  0]
 [15  6 13 10]
 [14  9  5 12]]   step 36
---------------
[[ 1  3  4  0]
 [11  2  7  8]
 [15  6 13 10]
 [14  9  5 12]]   step 37
---------------
[[ 1  3  0  4]
 [11  2  7  8]
 [15  6 13 10]
 [14  9  5 12]]   step 38
---------------
[[ 1  0  3  4]
 [11  2  7  8]
 [15  6 13 10]
 [14  9  5 12]]   step 39
---------------
[[ 1  2  3  4]
 [11  0  7  8]
 [15  6 13 10]
 [14  9  5 12]]   step 40
---------------
[[ 1  2  3  4]
 [11  6  7  8]
 [15  0 13 10]
 [14  9  5 12]]   step 41
---------------
[[ 1  2  3  4]
 [11  6  7  8]
 [ 0 15 13 10]
 [14  9  5 12]]   step 42
---------------
[[ 1  2  3  4]
 [11  6  7  8]
 [14 15 13 10]
 [ 0  9  5 12]]   step 43
---------------
[[ 1  2  3  4]
 [11  6  7  8]
 [14 15 13 10]
 [ 9  0  5 12]]   step 44
---------------
[[ 1  2  3  4]
 [11  6  7  8]
 [14  0 13 10]
 [ 9 15  5 12]]   step 45
---------------
[[ 1  2  3  4]
 [11  6  7  8]
 [14 13  0 10]
 [ 9 15  5 12]]   step 46
---------------
[[ 1  2  3  4]
 [11  6  7  8]
 [14 13  5 10]
 [ 9 15  0 12]]   step 47
---------------
[[ 1  2  3  4]
 [11  6  7  8]
 [14 13  5 10]
 [ 9  0 15 12]]   step 48
---------------
[[ 1  2  3  4]
 [11  6  7  8]
 [14  0  5 10]
 [ 9 13 15 12]]   step 49
---------------
[[ 1  2  3  4]
 [11  6  7  8]
 [14  5  0 10]
 [ 9 13 15 12]]   step 50
---------------
[[ 1  2  3  4]
 [11  6  7  8]
 [14  5 10  0]
 [ 9 13 15 12]]   step 51
---------------
[[ 1  2  3  4]
 [11  6  7  0]
 [14  5 10  8]
 [ 9 13 15 12]]   step 52
---------------
[[ 1  2  3  4]
 [11  6  0  7]
 [14  5 10  8]
 [ 9 13 15 12]]   step 53
---------------
[[ 1  2  3  4]
 [11  6 10  7]
 [14  5  0  8]
 [ 9 13 15 12]]   step 54
---------------
[[ 1  2  3  4]
 [11  6 10  7]
 [14  0  5  8]
 [ 9 13 15 12]]   step 55
---------------
[[ 1  2  3  4]
 [11  6 10  7]
 [ 0 14  5  8]
 [ 9 13 15 12]]   step 56
---------------
[[ 1  2  3  4]
 [11  6 10  7]
 [ 9 14  5  8]
 [ 0 13 15 12]]   step 57
---------------
[[ 1  2  3  4]
 [11  6 10  7]
 [ 9 14  5  8]
 [13  0 15 12]]   step 58
---------------
[[ 1  2  3  4]
 [11  6 10  7]
 [ 9  0  5  8]
 [13 14 15 12]]   step 59
---------------
[[ 1  2  3  4]
 [11  0 10  7]
 [ 9  6  5  8]
 [13 14 15 12]]   step 60
---------------
[[ 1  2  3  4]
 [ 0 11 10  7]
 [ 9  6  5  8]
 [13 14 15 12]]   step 61
---------------
[[ 1  2  3  4]
 [ 9 11 10  7]
 [ 0  6  5  8]
 [13 14 15 12]]   step 62
---------------
[[ 1  2  3  4]
 [ 9 11 10  7]
 [ 6  0  5  8]
 [13 14 15 12]]   step 63
---------------
[[ 1  2  3  4]
 [ 9 11 10  7]
 [ 6  5  0  8]
 [13 14 15 12]]   step 64
---------------
[[ 1  2  3  4]
 [ 9 11  0  7]
 [ 6  5 10  8]
 [13 14 15 12]]   step 65
---------------
[[ 1  2  3  4]
 [ 9  0 11  7]
 [ 6  5 10  8]
 [13 14 15 12]]   step 66
---------------
[[ 1  2  3  4]
 [ 9  5 11  7]
 [ 6  0 10  8]
 [13 14 15 12]]   step 67
---------------
[[ 1  2  3  4]
 [ 9  5 11  7]
 [ 0  6 10  8]
 [13 14 15 12]]   step 68
---------------
[[ 1  2  3  4]
 [ 0  5 11  7]
 [ 9  6 10  8]
 [13 14 15 12]]   step 69
---------------
[[ 1  2  3  4]
 [ 5  0 11  7]
 [ 9  6 10  8]
 [13 14 15 12]]   step 70
---------------
[[ 1  2  3  4]
 [ 5  6 11  7]
 [ 9  0 10  8]
 [13 14 15 12]]   step 71
---------------
[[ 1  2  3  4]
 [ 5  6 11  7]
 [ 9 10  0  8]
 [13 14 15 12]]   step 72
---------------
[[ 1  2  3  4]
 [ 5  6  0  7]
 [ 9 10 11  8]
 [13 14 15 12]]   step 73
---------------
[[ 1  2  3  4]
 [ 5  6  7  0]
 [ 9 10 11  8]
 [13 14 15 12]]   step 74
---------------
[[ 1  2  3  4]
 [ 5  6  7  8]
 [ 9 10 11  0]
 [13 14 15 12]]   step 75
---------------
[[ 1  2  3  4]
 [ 5  6  7  8]
 [ 9 10 11 12]
 [13 14 15  0]]   step 76
---------------
We tried 76 times
The search time is 1.8949151 seconds!
