[[ 5  6  4 12]
 [11 14  9  1]
 [ 0  3  8 15]
 [10  7  2 13]]
---------------
[[ 5  6  4 12]
 [11 14  9  1]
 [10  3  8 15]
 [ 0  7  2 13]]   step 1
---------------
[[ 5  6  4 12]
 [11 14  9  1]
 [10  3  8 15]
 [ 7  0  2 13]]   step 2
---------------
[[ 5  6  4 12]
 [11 14  9  1]
 [10  0  8 15]
 [ 7  3  2 13]]   step 3
---------------
[[ 5  6  4 12]
 [11  0  9  1]
 [10 14  8 15]
 [ 7  3  2 13]]   step 4
---------------
[[ 5  6  4 12]
 [11  9  0  1]
 [10 14  8 15]
 [ 7  3  2 13]]   step 5
---------------
[[ 5  6  4 12]
 [11  9  1  0]
 [10 14  8 15]
 [ 7  3  2 13]]   step 6
---------------
[[ 5  6  4  0]
 [11  9  1 12]
 [10 14  8 15]
 [ 7  3  2 13]]   step 7
---------------
[[ 5  6  0  4]
 [11  9  1 12]
 [10 14  8 15]
 [ 7  3  2 13]]   step 8
---------------
[[ 5  6  1  4]
 [11  9  0 12]
 [10 14  8 15]
 [ 7  3  2 13]]   step 9
---------------
[[ 5  6  1  4]
 [11  9  8 12]
 [10 14  0 15]
 [ 7  3  2 13]]   step 10
---------------
[[ 5  6  1  4]
 [11  9  8 12]
 [10 14  2 15]
 [ 7  3  0 13]]   step 11
---------------
[[ 5  6  1  4]
 [11  9  8 12]
 [10 14  2 15]
 [ 7  3 13  0]]   step 12
---------------
[[ 5  6  1  4]
 [11  9  8 12]
 [10 14  2  0]
 [ 7  3 13 15]]   step 13
---------------
[[ 5  6  1  4]
 [11  9  8  0]
 [10 14  2 12]
 [ 7  3 13 15]]   step 14
---------------
[[ 5  6  1  4]
 [11  9  0  8]
 [10 14  2 12]
 [ 7  3 13 15]]   step 15
---------------
[[ 5  6  1  4]
 [11  9  2  8]
 [10 14  0 12]
 [ 7  3 13 15]]   step 16
---------------
[[ 5  6  1  4]
 [11  9  2  8]
 [10 14 13 12]
 [ 7  3  0 15]]   step 17
---------------
[[ 5  6  1  4]
 [11  9  2  8]
 [10 14 13 12]
 [ 7  0  3 15]]   step 18
---------------
[[ 5  6  1  4]
 [11  9  2  8]
 [10 14 13 12]
 [ 0  7  3 15]]   step 19
---------------
[[ 5  6  1  4]
 [11  9  2  8]
 [ 0 14 13 12]
 [10  7  3 15]]   step 20
---------------
[[ 5  6  1  4]
 [ 0  9  2  8]
 [11 14 13 12]
 [10  7  3 15]]   step 21
---------------
[[ 5  6  1  4]
 [ 9  0  2  8]
 [11 14 13 12]
 [10  7  3 15]]   step 22
---------------
[[ 5  6  1  4]
 [ 9 14  2  8]
 [11  0 13 12]
 [10  7  3 15]]   step 23
---------------
[[ 5  6  1  4]
 [ 9 14  2  8]
 [11 13  0 12]
 [10  7  3 15]]   step 24
---------------
[[ 5  6  1  4]
 [ 9 14  2  8]
 [11 13  3 12]
 [10  7  0 15]]   step 25
---------------
[[ 5  6  1  4]
 [ 9 14  2  8]
 [11 13  3 12]
 [10  0  7 15]]   step 26
---------------
[[ 5  6  1  4]
 [ 9 14  2  8]
 [11  0  3 12]
 [10 13  7 15]]   step 27
---------------
[[ 5  6  1  4]
 [ 9 14  2  8]
 [ 0 11  3 12]
 [10 13  7 15]]   step 28
---------------
[[ 5  6  1  4]
 [ 9 14  2  8]
 [10 11  3 12]
 [ 0 13  7 15]]   step 29
---------------
[[ 5  6  1  4]
 [ 9 14  2  8]
 [10 11  3 12]
 [13  0  7 15]]   step 30
---------------
[[ 5  6  1  4]
 [ 9 14  2  8]
 [10  0  3 12]
 [13 11  7 15]]   step 31
---------------
[[ 5  6  1  4]
 [ 9  0  2  8]
 [10 14  3 12]
 [13 11  7 15]]   step 32
---------------
[[ 5  0  1  4]
 [ 9  6  2  8]
 [10 14  3 12]
 [13 11  7 15]]   step 33
---------------
[[ 5  1  0  4]
 [ 9  6  2  8]
 [10 14  3 12]
 [13 11  7 15]]   step 34
---------------
[[ 5  1  2  4]
 [ 9  6  0  8]
 [10 14  3 12]
 [13 11  7 15]]   step 35
---------------
[[ 5  1  2  4]
 [ 9  6  3  8]
 [10 14  0 12]
 [13 11  7 15]]   step 36
---------------
[[ 5  1  2  4]
 [ 9  6  3  8]
 [10 14  7 12]
 [13 11  0 15]]   step 37
---------------
[[ 5  1  2  4]
 [ 9  6  3  8]
 [10 14  7 12]
 [13  0 11 15]]   step 38
---------------
[[ 5  1  2  4]
 [ 9  6  3  8]
 [10  0  7 12]
 [13 14 11 15]]   step 39
---------------
[[ 5  1  2  4]
 [ 9  6  3  8]
 [ 0 10  7 12]
 [13 14 11 15]]   step 40
---------------
[[ 5  1  2  4]
 [ 0  6  3  8]
 [ 9 10  7 12]
 [13 14 11 15]]   step 41
---------------
[[ 0  1  2  4]
 [ 5  6  3  8]
 [ 9 10  7 12]
 [13 14 11 15]]   step 42
---------------
[[ 1  0  2  4]
 [ 5  6  3  8]
 [ 9 10  7 12]
 [13 14 11 15]]   step 43
---------------
[[ 1  2  0  4]
 [ 5  6  3  8]
 [ 9 10  7 12]
 [13 14 11 15]]   step 44
---------------
[[ 1  2  3  4]
 [ 5  6  0  8]
 [ 9 10  7 12]
 [13 14 11 15]]   step 45
---------------
[[ 1  2  3  4]
 [ 5  6  7  8]
 [ 9 10  0 12]
 [13 14 11 15]]   step 46
---------------
[[ 1  2  3  4]
 [ 5  6  7  8]
 [ 9 10 11 12]
 [13 14  0 15]]   step 47
---------------
[[ 1  2  3  4]
 [ 5  6  7  8]
 [ 9 10 11 12]
 [13 14 15  0]]   step 48
---------------
We tried 48 times
The search time is 0.007833499999999993 seconds!
