[[ 6 10  3 15]
 [14  8  7 11]
 [ 5  1  0  2]
 [13 12  9  4]]
---------------
[[ 6 10  3 15]
 [14  8  7 11]
 [ 5  1  2  0]
 [13 12  9  4]]   step 1
---------------
[[ 6 10  3 15]
 [14  8  7  0]
 [ 5  1  2 11]
 [13 12  9  4]]   step 2
---------------
[[ 6 10  3  0]
 [14  8  7 15]
 [ 5  1  2 11]
 [13 12  9  4]]   step 3
---------------
[[ 6 10  0  3]
 [14  8  7 15]
 [ 5  1  2 11]
 [13 12  9  4]]   step 4
---------------
[[ 6 10  7  3]
 [14  8  0 15]
 [ 5  1  2 11]
 [13 12  9  4]]   step 5
---------------
[[ 6 10  7  3]
 [14  8  2 15]
 [ 5  1  0 11]
 [13 12  9  4]]   step 6
---------------
[[ 6 10  7  3]
 [14  8  2 15]
 [ 5  0  1 11]
 [13 12  9  4]]   step 7
---------------
[[ 6 10  7  3]
 [14  0  2 15]
 [ 5  8  1 11]
 [13 12  9  4]]   step 8
---------------
[[ 6 10  7  3]
 [14  2  0 15]
 [ 5  8  1 11]
 [13 12  9  4]]   step 9
---------------
[[ 6 10  0  3]
 [14  2  7 15]
 [ 5  8  1 11]
 [13 12  9  4]]   step 10
---------------
[[ 6  0 10  3]
 [14  2  7 15]
 [ 5  8  1 11]
 [13 12  9  4]]   step 11
---------------
[[ 6  2 10  3]
 [14  0  7 15]
 [ 5  8  1 11]
 [13 12  9  4]]   step 12
---------------
[[ 6  2 10  3]
 [ 0 14  7 15]
 [ 5  8  1 11]
 [13 12  9  4]]   step 13
---------------
[[ 6  2 10  3]
 [ 5 14  7 15]
 [ 0  8  1 11]
 [13 12  9  4]]   step 14
---------------
[[ 6  2 10  3]
 [ 5 14  7 15]
 [ 8  0  1 11]
 [13 12  9  4]]   step 15
---------------
[[ 6  2 10  3]
 [ 5 14  7 15]
 [ 8  1  0 11]
 [13 12  9  4]]   step 16
---------------
[[ 6  2 10  3]
 [ 5 14  7 15]
 [ 8  1  9 11]
 [13 12  0  4]]   step 17
---------------
[[ 6  2 10  3]
 [ 5 14  7 15]
 [ 8  1  9 11]
 [13 12  4  0]]   step 18
---------------
[[ 6  2 10  3]
 [ 5 14  7 15]
 [ 8  1  9  0]
 [13 12  4 11]]   step 19
---------------
[[ 6  2 10  3]
 [ 5 14  7  0]
 [ 8  1  9 15]
 [13 12  4 11]]   step 20
---------------
[[ 6  2 10  3]
 [ 5 14  0  7]
 [ 8  1  9 15]
 [13 12  4 11]]   step 21
---------------
[[ 6  2 10  3]
 [ 5  0 14  7]
 [ 8  1  9 15]
 [13 12  4 11]]   step 22
---------------
[[ 6  2 10  3]
 [ 5  1 14  7]
 [ 8  0  9 15]
 [13 12  4 11]]   step 23
---------------
[[ 6  2 10  3]
 [ 5  1 14  7]
 [ 0  8  9 15]
 [13 12  4 11]]   step 24
---------------
[[ 6  2 10  3]
 [ 0  1 14  7]
 [ 5  8  9 15]
 [13 12  4 11]]   step 25
---------------
[[ 6  2 10  3]
 [ 1  0 14  7]
 [ 5  8  9 15]
 [13 12  4 11]]   step 26
---------------
[[ 6  2 10  3]
 [ 1  8 14  7]
 [ 5  0  9 15]
 [13 12  4 11]]   step 27
---------------
[[ 6  2 10  3]
 [ 1  8 14  7]
 [ 5  9  0 15]
 [13 12  4 11]]   step 28
---------------
[[ 6  2 10  3]
 [ 1  8 14  7]
 [ 5  9  4 15]
 [13 12  0 11]]   step 29
---------------
[[ 6  2 10  3]
 [ 1  8 14  7]
 [ 5  9  4 15]
 [13 12 11  0]]   step 30
---------------
[[ 6  2 10  3]
 [ 1  8 14  7]
 [ 5  9  4  0]
 [13 12 11 15]]   step 31
---------------
[[ 6  2 10  3]
 [ 1  8 14  7]
 [ 5  9  0  4]
 [13 12 11 15]]   step 32
---------------
[[ 6  2 10  3]
 [ 1  8  0  7]
 [ 5  9 14  4]
 [13 12 11 15]]   step 33
---------------
[[ 6  2  0  3]
 [ 1  8 10  7]
 [ 5  9 14  4]
 [13 12 11 15]]   step 34
---------------
[[ 6  0  2  3]
 [ 1  8 10  7]
 [ 5  9 14  4]
 [13 12 11 15]]   step 35
---------------
[[ 0  6  2  3]
 [ 1  8 10  7]
 [ 5  9 14  4]
 [13 12 11 15]]   step 36
---------------
[[ 1  6  2  3]
 [ 0  8 10  7]
 [ 5  9 14  4]
 [13 12 11 15]]   step 37
---------------
[[ 1  6  2  3]
 [ 5  8 10  7]
 [ 0  9 14  4]
 [13 12 11 15]]   step 38
---------------
[[ 1  6  2  3]
 [ 5  8 10  7]
 [ 9  0 14  4]
 [13 12 11 15]]   step 39
---------------
[[ 1  6  2  3]
 [ 5  0 10  7]
 [ 9  8 14  4]
 [13 12 11 15]]   step 40
---------------
[[ 1  6  2  3]
 [ 5 10  0  7]
 [ 9  8 14  4]
 [13 12 11 15]]   step 41
---------------
[[ 1  6  2  3]
 [ 5 10  7  0]
 [ 9  8 14  4]
 [13 12 11 15]]   step 42
---------------
[[ 1  6  2  3]
 [ 5 10  7  4]
 [ 9  8 14  0]
 [13 12 11 15]]   step 43
---------------
[[ 1  6  2  3]
 [ 5 10  7  4]
 [ 9  8 14 15]
 [13 12 11  0]]   step 44
---------------
[[ 1  6  2  3]
 [ 5 10  7  4]
 [ 9  8 14 15]
 [13 12  0 11]]   step 45
---------------
[[ 1  6  2  3]
 [ 5 10  7  4]
 [ 9  8  0 15]
 [13 12 14 11]]   step 46
---------------
[[ 1  6  2  3]
 [ 5 10  7  4]
 [ 9  0  8 15]
 [13 12 14 11]]   step 47
---------------
[[ 1  6  2  3]
 [ 5 10  7  4]
 [ 9 12  8 15]
 [13  0 14 11]]   step 48
---------------
[[ 1  6  2  3]
 [ 5 10  7  4]
 [ 9 12  8 15]
 [13 14  0 11]]   step 49
---------------
[[ 1  6  2  3]
 [ 5 10  7  4]
 [ 9 12  8 15]
 [13 14 11  0]]   step 50
---------------
[[ 1  6  2  3]
 [ 5 10  7  4]
 [ 9 12  8  0]
 [13 14 11 15]]   step 51
---------------
[[ 1  6  2  3]
 [ 5 10  7  4]
 [ 9 12  0  8]
 [13 14 11 15]]   step 52
---------------
[[ 1  6  2  3]
 [ 5 10  7  4]
 [ 9  0 12  8]
 [13 14 11 15]]   step 53
---------------
[[ 1  6  2  3]
 [ 5  0  7  4]
 [ 9 10 12  8]
 [13 14 11 15]]   step 54
---------------
[[ 1  0  2  3]
 [ 5  6  7  4]
 [ 9 10 12  8]
 [13 14 11 15]]   step 55
---------------
[[ 1  2  0  3]
 [ 5  6  7  4]
 [ 9 10 12  8]
 [13 14 11 15]]   step 56
---------------
[[ 1  2  3  0]
 [ 5  6  7  4]
 [ 9 10 12  8]
 [13 14 11 15]]   step 57
---------------
[[ 1  2  3  4]
 [ 5  6  7  0]
 [ 9 10 12  8]
 [13 14 11 15]]   step 58
---------------
[[ 1  2  3  4]
 [ 5  6  7  8]
 [ 9 10 12  0]
 [13 14 11 15]]   step 59
---------------
[[ 1  2  3  4]
 [ 5  6  7  8]
 [ 9 10  0 12]
 [13 14 11 15]]   step 60
---------------
[[ 1  2  3  4]
 [ 5  6  7  8]
 [ 9 10 11 12]
 [13 14  0 15]]   step 61
---------------
[[ 1  2  3  4]
 [ 5  6  7  8]
 [ 9 10 11 12]
 [13 14 15  0]]   step 62
---------------
We tried 62 times
The search time is 1.6642869 seconds!
