[[14  2  8  1]
 [ 7 10  4  0]
 [ 6 15 11  5]
 [ 9  3 13 12]]
---------------
[[14  2  8  0]
 [ 7 10  4  1]
 [ 6 15 11  5]
 [ 9  3 13 12]]   step 1
---------------
[[14  2  0  8]
 [ 7 10  4  1]
 [ 6 15 11  5]
 [ 9  3 13 12]]   step 2
---------------
[[14  2  4  8]
 [ 7 10  0  1]
 [ 6 15 11  5]
 [ 9  3 13 12]]   step 3
---------------
[[14  2  4  8]
 [ 7 10 11  1]
 [ 6 15  0  5]
 [ 9  3 13 12]]   step 4
---------------
[[14  2  4  8]
 [ 7 10 11  1]
 [ 6 15  5  0]
 [ 9  3 13 12]]   step 5
---------------
[[14  2  4  8]
 [ 7 10 11  0]
 [ 6 15  5  1]
 [ 9  3 13 12]]   step 6
---------------
[[14  2  4  8]
 [ 7 10  0 11]
 [ 6 15  5  1]
 [ 9  3 13 12]]   step 7
---------------
[[14  2  4  8]
 [ 7 10  5 11]
 [ 6 15  0  1]
 [ 9  3 13 12]]   step 8
---------------
[[14  2  4  8]
 [ 7 10  5 11]
 [ 6  0 15  1]
 [ 9  3 13 12]]   step 9
---------------
[[14  2  4  8]
 [ 7  0  5 11]
 [ 6 10 15  1]
 [ 9  3 13 12]]   step 10
---------------
[[14  2  4  8]
 [ 0  7  5 11]
 [ 6 10 15  1]
 [ 9  3 13 12]]   step 11
---------------
[[ 0  2  4  8]
 [14  7  5 11]
 [ 6 10 15  1]
 [ 9  3 13 12]]   step 12
---------------
[[ 2  0  4  8]
 [14  7  5 11]
 [ 6 10 15  1]
 [ 9  3 13 12]]   step 13
---------------
[[ 2  7  4  8]
 [14  0  5 11]
 [ 6 10 15  1]
 [ 9  3 13 12]]   step 14
---------------
[[ 2  7  4  8]
 [14 10  5 11]
 [ 6  0 15  1]
 [ 9  3 13 12]]   step 15
---------------
[[ 2  7  4  8]
 [14 10  5 11]
 [ 6  3 15  1]
 [ 9  0 13 12]]   step 16
---------------
[[ 2  7  4  8]
 [14 10  5 11]
 [ 6  3 15  1]
 [ 9 13  0 12]]   step 17
---------------
[[ 2  7  4  8]
 [14 10  5 11]
 [ 6  3  0  1]
 [ 9 13 15 12]]   step 18
---------------
[[ 2  7  4  8]
 [14 10  5 11]
 [ 6  3  1  0]
 [ 9 13 15 12]]   step 19
---------------
[[ 2  7  4  8]
 [14 10  5  0]
 [ 6  3  1 11]
 [ 9 13 15 12]]   step 20
---------------
[[ 2  7  4  8]
 [14 10  0  5]
 [ 6  3  1 11]
 [ 9 13 15 12]]   step 21
---------------
[[ 2  7  4  8]
 [14  0 10  5]
 [ 6  3  1 11]
 [ 9 13 15 12]]   step 22
---------------
[[ 2  7  4  8]
 [14  3 10  5]
 [ 6  0  1 11]
 [ 9 13 15 12]]   step 23
---------------
[[ 2  7  4  8]
 [14  3 10  5]
 [ 6  1  0 11]
 [ 9 13 15 12]]   step 24
---------------
[[ 2  7  4  8]
 [14  3  0  5]
 [ 6  1 10 11]
 [ 9 13 15 12]]   step 25
---------------
[[ 2  7  4  8]
 [14  0  3  5]
 [ 6  1 10 11]
 [ 9 13 15 12]]   step 26
---------------
[[ 2  7  4  8]
 [14  1  3  5]
 [ 6  0 10 11]
 [ 9 13 15 12]]   step 27
---------------
[[ 2  7  4  8]
 [14  1  3  5]
 [ 0  6 10 11]
 [ 9 13 15 12]]   step 28
---------------
[[ 2  7  4  8]
 [ 0  1  3  5]
 [14  6 10 11]
 [ 9 13 15 12]]   step 29
---------------
[[ 2  7  4  8]
 [ 1  0  3  5]
 [14  6 10 11]
 [ 9 13 15 12]]   step 30
---------------
[[ 2  7  4  8]
 [ 1  3  0  5]
 [14  6 10 11]
 [ 9 13 15 12]]   step 31
---------------
[[ 2  7  4  8]
 [ 1  3  5  0]
 [14  6 10 11]
 [ 9 13 15 12]]   step 32
---------------
[[ 2  7  4  8]
 [ 1  3  5 11]
 [14  6 10  0]
 [ 9 13 15 12]]   step 33
---------------
[[ 2  7  4  8]
 [ 1  3  5 11]
 [14  6  0 10]
 [ 9 13 15 12]]   step 34
---------------
[[ 2  7  4  8]
 [ 1  3  5 11]
 [14  0  6 10]
 [ 9 13 15 12]]   step 35
---------------
[[ 2  7  4  8]
 [ 1  3  5 11]
 [ 0 14  6 10]
 [ 9 13 15 12]]   step 36
---------------
[[ 2  7  4  8]
 [ 1  3  5 11]
 [ 9 14  6 10]
 [ 0 13 15 12]]   step 37
---------------
[[ 2  7  4  8]
 [ 1  3  5 11]
 [ 9 14  6 10]
 [13  0 15 12]]   step 38
---------------
[[ 2  7  4  8]
 [ 1  3  5 11]
 [ 9  0  6 10]
 [13 14 15 12]]   step 39
---------------
[[ 2  7  4  8]
 [ 1  3  5 11]
 [ 9  6  0 10]
 [13 14 15 12]]   step 40
---------------
[[ 2  7  4  8]
 [ 1  3  5 11]
 [ 9  6 10  0]
 [13 14 15 12]]   step 41
---------------
[[ 2  7  4  8]
 [ 1  3  5  0]
 [ 9  6 10 11]
 [13 14 15 12]]   step 42
---------------
[[ 2  7  4  0]
 [ 1  3  5  8]
 [ 9  6 10 11]
 [13 14 15 12]]   step 43
---------------
[[ 2  7  0  4]
 [ 1  3  5  8]
 [ 9  6 10 11]
 [13 14 15 12]]   step 44
---------------
[[ 2  0  7  4]
 [ 1  3  5  8]
 [ 9  6 10 11]
 [13 14 15 12]]   step 45
---------------
[[ 2  3  7  4]
 [ 1  0  5  8]
 [ 9  6 10 11]
 [13 14 15 12]]   step 46
---------------
[[ 2  3  7  4]
 [ 1  5  0  8]
 [ 9  6 10 11]
 [13 14 15 12]]   step 47
---------------
[[ 2  3  0  4]
 [ 1  5  7  8]
 [ 9  6 10 11]
 [13 14 15 12]]   step 48
---------------
[[ 2  0  3  4]
 [ 1  5  7  8]
 [ 9  6 10 11]
 [13 14 15 12]]   step 49
---------------
[[ 0  2  3  4]
 [ 1  5  7  8]
 [ 9  6 10 11]
 [13 14 15 12]]   step 50
---------------
[[ 1  2  3  4]
 [ 0  5  7  8]
 [ 9  6 10 11]
 [13 14 15 12]]   step 51
---------------
[[ 1  2  3  4]
 [ 5  0  7  8]
 [ 9  6 10 11]
 [13 14 15 12]]   step 52
---------------
[[ 1  2  3  4]
 [ 5  6  7  8]
 [ 9  0 10 11]
 [13 14 15 12]]   step 53
---------------
[[ 1  2  3  4]
 [ 5  6  7  8]
 [ 9 10  0 11]
 [13 14 15 12]]   step 54
---------------
[[ 1  2  3  4]
 [ 5  6  7  8]
 [ 9 10 11  0]
 [13 14 15 12]]   step 55
---------------
[[ 1  2  3  4]
 [ 5  6  7  8]
 [ 9 10 11 12]
 [13 14 15  0]]   step 56
---------------
We tried 56 times
The search time is 0.2526883 seconds!
