[[11  3  1  7]
 [ 4  6  8  2]
 [15  9 10 13]
 [14 12  5  0]]
---------------
[[11  3  1  7]
 [ 4  6  8  2]
 [15  9 10 13]
 [14 12  0  5]]   step 1
---------------
[[11  3  1  7]
 [ 4  6  8  2]
 [15  9 10 13]
 [14  0 12  5]]   step 2
---------------
[[11  3  1  7]
 [ 4  6  8  2]
 [15  0 10 13]
 [14  9 12  5]]   step 3
---------------
[[11  3  1  7]
 [ 4  6  8  2]
 [15 10  0 13]
 [14  9 12  5]]   step 4
---------------
[[11  3  1  7]
 [ 4  6  8  2]
 [15 10 13  0]
 [14  9 12  5]]   step 5
---------------
[[11  3  1  7]
 [ 4  6  8  2]
 [15 10 13  5]
 [14  9 12  0]]   step 6
---------------
[[11  3  1  7]
 [ 4  6  8  2]
 [15 10 13  5]
 [14  9  0 12]]   step 7
---------------
[[11  3  1  7]
 [ 4  6  8  2]
 [15 10  0  5]
 [14  9 13 12]]   step 8
---------------
[[11  3  1  7]
 [ 4  6  0  2]
 [15 10  8  5]
 [14  9 13 12]]   step 9
---------------
[[11  3  1  7]
 [ 4  6  2  0]
 [15 10  8  5]
 [14  9 13 12]]   step 10
---------------
[[11  3  1  7]
 [ 4  6  2  5]
 [15 10  8  0]
 [14  9 13 12]]   step 11
---------------
[[11  3  1  7]
 [ 4  6  2  5]
 [15 10  0  8]
 [14  9 13 12]]   step 12
---------------
[[11  3  1  7]
 [ 4  6  2  5]
 [15  0 10  8]
 [14  9 13 12]]   step 13
---------------
[[11  3  1  7]
 [ 4  0  2  5]
 [15  6 10  8]
 [14  9 13 12]]   step 14
---------------
[[11  0  1  7]
 [ 4  3  2  5]
 [15  6 10  8]
 [14  9 13 12]]   step 15
---------------
[[11  1  0  7]
 [ 4  3  2  5]
 [15  6 10  8]
 [14  9 13 12]]   step 16
---------------
[[11  1  2  7]
 [ 4  3  0  5]
 [15  6 10  8]
 [14  9 13 12]]   step 17
---------------
[[11  1  2  7]
 [ 4  0  3  5]
 [15  6 10  8]
 [14  9 13 12]]   step 18
---------------
[[11  1  2  7]
 [ 0  4  3  5]
 [15  6 10  8]
 [14  9 13 12]]   step 19
---------------
[[ 0  1  2  7]
 [11  4  3  5]
 [15  6 10  8]
 [14  9 13 12]]   step 20
---------------
[[ 1  0  2  7]
 [11  4  3  5]
 [15  6 10  8]
 [14  9 13 12]]   step 21
---------------
[[ 1  2  0  7]
 [11  4  3  5]
 [15  6 10  8]
 [14  9 13 12]]   step 22
---------------
[[ 1  2  3  7]
 [11  4  0  5]
 [15  6 10  8]
 [14  9 13 12]]   step 23
---------------
[[ 1  2  3  7]
 [11  0  4  5]
 [15  6 10  8]
 [14  9 13 12]]   step 24
---------------
[[ 1  0  3  7]
 [11  2  4  5]
 [15  6 10  8]
 [14  9 13 12]]   step 25
---------------
[[ 1  3  0  7]
 [11  2  4  5]
 [15  6 10  8]
 [14  9 13 12]]   step 26
---------------
[[ 1  3  4  7]
 [11  2  0  5]
 [15  6 10  8]
 [14  9 13 12]]   step 27
---------------
[[ 1  3  4  7]
 [11  2  5  0]
 [15  6 10  8]
 [14  9 13 12]]   step 28
---------------
[[ 1  3  4  0]
 [11  2  5  7]
 [15  6 10  8]
 [14  9 13 12]]   step 29
---------------
[[ 1  3  0  4]
 [11  2  5  7]
 [15  6 10  8]
 [14  9 13 12]]   step 30
---------------
[[ 1  0  3  4]
 [11  2  5  7]
 [15  6 10  8]
 [14  9 13 12]]   step 31
---------------
[[ 1  2  3  4]
 [11  0  5  7]
 [15  6 10  8]
 [14  9 13 12]]   step 32
---------------
[[ 1  2  3  4]
 [11  5  0  7]
 [15  6 10  8]
 [14  9 13 12]]   step 33
---------------
[[ 1  2  3  4]
 [11  5 10  7]
 [15  6  0  8]
 [14  9 13 12]]   step 34
---------------
[[ 1  2  3  4]
 [11  5 10  7]
 [15  0  6  8]
 [14  9 13 12]]   step 35
---------------
[[ 1  2  3  4]
 [11  5 10  7]
 [ 0 15  6  8]
 [14  9 13 12]]   step 36
---------------
[[ 1  2  3  4]
 [ 0  5 10  7]
 [11 15  6  8]
 [14  9 13 12]]   step 37
---------------
[[ 1  2  3  4]
 [ 5  0 10  7]
 [11 15  6  8]
 [14  9 13 12]]   step 38
---------------
[[ 1  2  3  4]
 [ 5 10  0  7]
 [11 15  6  8]
 [14  9 13 12]]   step 39
---------------
[[ 1  2  3  4]
 [ 5 10  6  7]
 [11 15  0  8]
 [14  9 13 12]]   step 40
---------------
[[ 1  2  3  4]
 [ 5 10  6  7]
 [11  0 15  8]
 [14  9 13 12]]   step 41
---------------
[[ 1  2  3  4]
 [ 5 10  6  7]
 [ 0 11 15  8]
 [14  9 13 12]]   step 42
---------------
[[ 1  2  3  4]
 [ 5 10  6  7]
 [14 11 15  8]
 [ 0  9 13 12]]   step 43
---------------
[[ 1  2  3  4]
 [ 5 10  6  7]
 [14 11 15  8]
 [ 9  0 13 12]]   step 44
---------------
[[ 1  2  3  4]
 [ 5 10  6  7]
 [14 11 15  8]
 [ 9 13  0 12]]   step 45
---------------
[[ 1  2  3  4]
 [ 5 10  6  7]
 [14 11  0  8]
 [ 9 13 15 12]]   step 46
---------------
[[ 1  2  3  4]
 [ 5 10  6  7]
 [14  0 11  8]
 [ 9 13 15 12]]   step 47
---------------
[[ 1  2  3  4]
 [ 5 10  6  7]
 [ 0 14 11  8]
 [ 9 13 15 12]]   step 48
---------------
[[ 1  2  3  4]
 [ 5 10  6  7]
 [ 9 14 11  8]
 [ 0 13 15 12]]   step 49
---------------
[[ 1  2  3  4]
 [ 5 10  6  7]
 [ 9 14 11  8]
 [13  0 15 12]]   step 50
---------------
[[ 1  2  3  4]
 [ 5 10  6  7]
 [ 9  0 11  8]
 [13 14 15 12]]   step 51
---------------
[[ 1  2  3  4]
 [ 5  0  6  7]
 [ 9 10 11  8]
 [13 14 15 12]]   step 52
---------------
[[ 1  2  3  4]
 [ 5  6  0  7]
 [ 9 10 11  8]
 [13 14 15 12]]   step 53
---------------
[[ 1  2  3  4]
 [ 5  6  7  0]
 [ 9 10 11  8]
 [13 14 15 12]]   step 54
---------------
[[ 1  2  3  4]
 [ 5  6  7  8]
 [ 9 10 11  0]
 [13 14 15 12]]   step 55
---------------
[[ 1  2  3  4]
 [ 5  6  7  8]
 [ 9 10 11 12]
 [13 14 15  0]]   step 56
---------------
We tried 56 times
The search time is 1002.4435007000001 seconds!
