[[ 1  7  8 10]
 [ 6  9 15 14]
 [13  3  0  4]
 [11  5 12  2]]
---------------
[[ 1  7  8 10]
 [ 6  9  0 14]
 [13  3 15  4]
 [11  5 12  2]]   step 1
---------------
[[ 1  7  8 10]
 [ 6  9 14  0]
 [13  3 15  4]
 [11  5 12  2]]   step 2
---------------
[[ 1  7  8 10]
 [ 6  9 14  4]
 [13  3 15  0]
 [11  5 12  2]]   step 3
---------------
[[ 1  7  8 10]
 [ 6  9 14  4]
 [13  3 15  2]
 [11  5 12  0]]   step 4
---------------
[[ 1  7  8 10]
 [ 6  9 14  4]
 [13  3 15  2]
 [11  5  0 12]]   step 5
---------------
[[ 1  7  8 10]
 [ 6  9 14  4]
 [13  3  0  2]
 [11  5 15 12]]   step 6
---------------
[[ 1  7  8 10]
 [ 6  9  0  4]
 [13  3 14  2]
 [11  5 15 12]]   step 7
---------------
[[ 1  7  0 10]
 [ 6  9  8  4]
 [13  3 14  2]
 [11  5 15 12]]   step 8
---------------
[[ 1  7 10  0]
 [ 6  9  8  4]
 [13  3 14  2]
 [11  5 15 12]]   step 9
---------------
[[ 1  7 10  4]
 [ 6  9  8  0]
 [13  3 14  2]
 [11  5 15 12]]   step 10
---------------
[[ 1  7 10  4]
 [ 6  9  0  8]
 [13  3 14  2]
 [11  5 15 12]]   step 11
---------------
[[ 1  7 10  4]
 [ 6  0  9  8]
 [13  3 14  2]
 [11  5 15 12]]   step 12
---------------
[[ 1  7 10  4]
 [ 6  3  9  8]
 [13  0 14  2]
 [11  5 15 12]]   step 13
---------------
[[ 1  7 10  4]
 [ 6  3  9  8]
 [13  5 14  2]
 [11  0 15 12]]   step 14
---------------
[[ 1  7 10  4]
 [ 6  3  9  8]
 [13  5 14  2]
 [ 0 11 15 12]]   step 15
---------------
[[ 1  7 10  4]
 [ 6  3  9  8]
 [ 0  5 14  2]
 [13 11 15 12]]   step 16
---------------
[[ 1  7 10  4]
 [ 6  3  9  8]
 [ 5  0 14  2]
 [13 11 15 12]]   step 17
---------------
[[ 1  7 10  4]
 [ 6  3  9  8]
 [ 5 14  0  2]
 [13 11 15 12]]   step 18
---------------
[[ 1  7 10  4]
 [ 6  3  9  8]
 [ 5 14  2  0]
 [13 11 15 12]]   step 19
---------------
[[ 1  7 10  4]
 [ 6  3  9  8]
 [ 5 14  2 12]
 [13 11 15  0]]   step 20
---------------
[[ 1  7 10  4]
 [ 6  3  9  8]
 [ 5 14  2 12]
 [13 11  0 15]]   step 21
---------------
[[ 1  7 10  4]
 [ 6  3  9  8]
 [ 5 14  2 12]
 [13  0 11 15]]   step 22
---------------
[[ 1  7 10  4]
 [ 6  3  9  8]
 [ 5  0  2 12]
 [13 14 11 15]]   step 23
---------------
[[ 1  7 10  4]
 [ 6  3  9  8]
 [ 5  2  0 12]
 [13 14 11 15]]   step 24
---------------
[[ 1  7 10  4]
 [ 6  3  0  8]
 [ 5  2  9 12]
 [13 14 11 15]]   step 25
---------------
[[ 1  7  0  4]
 [ 6  3 10  8]
 [ 5  2  9 12]
 [13 14 11 15]]   step 26
---------------
[[ 1  0  7  4]
 [ 6  3 10  8]
 [ 5  2  9 12]
 [13 14 11 15]]   step 27
---------------
[[ 1  3  7  4]
 [ 6  0 10  8]
 [ 5  2  9 12]
 [13 14 11 15]]   step 28
---------------
[[ 1  3  7  4]
 [ 6  2 10  8]
 [ 5  0  9 12]
 [13 14 11 15]]   step 29
---------------
[[ 1  3  7  4]
 [ 6  2 10  8]
 [ 5  9  0 12]
 [13 14 11 15]]   step 30
---------------
[[ 1  3  7  4]
 [ 6  2  0  8]
 [ 5  9 10 12]
 [13 14 11 15]]   step 31
---------------
[[ 1  3  0  4]
 [ 6  2  7  8]
 [ 5  9 10 12]
 [13 14 11 15]]   step 32
---------------
[[ 1  0  3  4]
 [ 6  2  7  8]
 [ 5  9 10 12]
 [13 14 11 15]]   step 33
---------------
[[ 1  2  3  4]
 [ 6  0  7  8]
 [ 5  9 10 12]
 [13 14 11 15]]   step 34
---------------
[[ 1  2  3  4]
 [ 0  6  7  8]
 [ 5  9 10 12]
 [13 14 11 15]]   step 35
---------------
[[ 1  2  3  4]
 [ 5  6  7  8]
 [ 0  9 10 12]
 [13 14 11 15]]   step 36
---------------
[[ 1  2  3  4]
 [ 5  6  7  8]
 [ 9  0 10 12]
 [13 14 11 15]]   step 37
---------------
[[ 1  2  3  4]
 [ 5  6  7  8]
 [ 9 10  0 12]
 [13 14 11 15]]   step 38
---------------
[[ 1  2  3  4]
 [ 5  6  7  8]
 [ 9 10 11 12]
 [13 14  0 15]]   step 39
---------------
[[ 1  2  3  4]
 [ 5  6  7  8]
 [ 9 10 11 12]
 [13 14 15  0]]   step 40
---------------
We tried 40 times
The search time is 0.06414229999999999 seconds!
