[[ 1 15  7 10]
 [ 9 14  4 11]
 [ 8  5  0  6]
 [13  3  2 12]]
---------------
[[ 1 15  7 10]
 [ 9 14  4 11]
 [ 8  5  6  0]
 [13  3  2 12]]   step 1
---------------
[[ 1 15  7 10]
 [ 9 14  4  0]
 [ 8  5  6 11]
 [13  3  2 12]]   step 2
---------------
[[ 1 15  7 10]
 [ 9 14  0  4]
 [ 8  5  6 11]
 [13  3  2 12]]   step 3
---------------
[[ 1 15  7 10]
 [ 9  0 14  4]
 [ 8  5  6 11]
 [13  3  2 12]]   step 4
---------------
[[ 1 15  7 10]
 [ 9  5 14  4]
 [ 8  0  6 11]
 [13  3  2 12]]   step 5
---------------
[[ 1 15  7 10]
 [ 9  5 14  4]
 [ 0  8  6 11]
 [13  3  2 12]]   step 6
---------------
[[ 1 15  7 10]
 [ 0  5 14  4]
 [ 9  8  6 11]
 [13  3  2 12]]   step 7
---------------
[[ 1 15  7 10]
 [ 5  0 14  4]
 [ 9  8  6 11]
 [13  3  2 12]]   step 8
---------------
[[ 1 15  7 10]
 [ 5  8 14  4]
 [ 9  0  6 11]
 [13  3  2 12]]   step 9
---------------
[[ 1 15  7 10]
 [ 5  8 14  4]
 [ 9  3  6 11]
 [13  0  2 12]]   step 10
---------------
[[ 1 15  7 10]
 [ 5  8 14  4]
 [ 9  3  6 11]
 [13  2  0 12]]   step 11
---------------
[[ 1 15  7 10]
 [ 5  8 14  4]
 [ 9  3  0 11]
 [13  2  6 12]]   step 12
---------------
[[ 1 15  7 10]
 [ 5  8  0  4]
 [ 9  3 14 11]
 [13  2  6 12]]   step 13
---------------
[[ 1 15  7 10]
 [ 5  0  8  4]
 [ 9  3 14 11]
 [13  2  6 12]]   step 14
---------------
[[ 1  0  7 10]
 [ 5 15  8  4]
 [ 9  3 14 11]
 [13  2  6 12]]   step 15
---------------
[[ 1  7  0 10]
 [ 5 15  8  4]
 [ 9  3 14 11]
 [13  2  6 12]]   step 16
---------------
[[ 1  7 10  0]
 [ 5 15  8  4]
 [ 9  3 14 11]
 [13  2  6 12]]   step 17
---------------
[[ 1  7 10  4]
 [ 5 15  8  0]
 [ 9  3 14 11]
 [13  2  6 12]]   step 18
---------------
[[ 1  7 10  4]
 [ 5 15  0  8]
 [ 9  3 14 11]
 [13  2  6 12]]   step 19
---------------
[[ 1  7 10  4]
 [ 5  0 15  8]
 [ 9  3 14 11]
 [13  2  6 12]]   step 20
---------------
[[ 1  7 10  4]
 [ 5  3 15  8]
 [ 9  0 14 11]
 [13  2  6 12]]   step 21
---------------
[[ 1  7 10  4]
 [ 5  3 15  8]
 [ 9  2 14 11]
 [13  0  6 12]]   step 22
---------------
[[ 1  7 10  4]
 [ 5  3 15  8]
 [ 9  2 14 11]
 [13  6  0 12]]   step 23
---------------
[[ 1  7 10  4]
 [ 5  3 15  8]
 [ 9  2  0 11]
 [13  6 14 12]]   step 24
---------------
[[ 1  7 10  4]
 [ 5  3  0  8]
 [ 9  2 15 11]
 [13  6 14 12]]   step 25
---------------
[[ 1  7  0  4]
 [ 5  3 10  8]
 [ 9  2 15 11]
 [13  6 14 12]]   step 26
---------------
[[ 1  0  7  4]
 [ 5  3 10  8]
 [ 9  2 15 11]
 [13  6 14 12]]   step 27
---------------
[[ 1  3  7  4]
 [ 5  0 10  8]
 [ 9  2 15 11]
 [13  6 14 12]]   step 28
---------------
[[ 1  3  7  4]
 [ 5  2 10  8]
 [ 9  0 15 11]
 [13  6 14 12]]   step 29
---------------
[[ 1  3  7  4]
 [ 5  2 10  8]
 [ 9  6 15 11]
 [13  0 14 12]]   step 30
---------------
[[ 1  3  7  4]
 [ 5  2 10  8]
 [ 9  6 15 11]
 [13 14  0 12]]   step 31
---------------
[[ 1  3  7  4]
 [ 5  2 10  8]
 [ 9  6  0 11]
 [13 14 15 12]]   step 32
---------------
[[ 1  3  7  4]
 [ 5  2  0  8]
 [ 9  6 10 11]
 [13 14 15 12]]   step 33
---------------
[[ 1  3  0  4]
 [ 5  2  7  8]
 [ 9  6 10 11]
 [13 14 15 12]]   step 34
---------------
[[ 1  0  3  4]
 [ 5  2  7  8]
 [ 9  6 10 11]
 [13 14 15 12]]   step 35
---------------
[[ 1  2  3  4]
 [ 5  0  7  8]
 [ 9  6 10 11]
 [13 14 15 12]]   step 36
---------------
[[ 1  2  3  4]
 [ 5  6  7  8]
 [ 9  0 10 11]
 [13 14 15 12]]   step 37
---------------
[[ 1  2  3  4]
 [ 5  6  7  8]
 [ 9 10  0 11]
 [13 14 15 12]]   step 38
---------------
[[ 1  2  3  4]
 [ 5  6  7  8]
 [ 9 10 11  0]
 [13 14 15 12]]   step 39
---------------
[[ 1  2  3  4]
 [ 5  6  7  8]
 [ 9 10 11 12]
 [13 14 15  0]]   step 40
---------------
We tried 40 times
The search time is 0.14142059999999995 seconds!
