[[ 5  6  4 12]
 [11 14  9  1]
 [ 0  3  8 15]
 [10  7  2 13]]
---------------
[[ 5  6  4 12]
 [ 0 14  9  1]
 [11  3  8 15]
 [10  7  2 13]]   step 1
---------------
[[ 5  6  4 12]
 [14  0  9  1]
 [11  3  8 15]
 [10  7  2 13]]   step 2
---------------
[[ 5  6  4 12]
 [14  9  0  1]
 [11  3  8 15]
 [10  7  2 13]]   step 3
---------------
[[ 5  6  4 12]
 [14  9  1  0]
 [11  3  8 15]
 [10  7  2 13]]   step 4
---------------
[[ 5  6  4  0]
 [14  9  1 12]
 [11  3  8 15]
 [10  7  2 13]]   step 5
---------------
[[ 5  6  0  4]
 [14  9  1 12]
 [11  3  8 15]
 [10  7  2 13]]   step 6
---------------
[[ 5  6  1  4]
 [14  9  0 12]
 [11  3  8 15]
 [10  7  2 13]]   step 7
---------------
[[ 5  6  1  4]
 [14  9  8 12]
 [11  3  0 15]
 [10  7  2 13]]   step 8
---------------
[[ 5  6  1  4]
 [14  9  8 12]
 [11  3  2 15]
 [10  7  0 13]]   step 9
---------------
[[ 5  6  1  4]
 [14  9  8 12]
 [11  3  2 15]
 [10  7 13  0]]   step 10
---------------
[[ 5  6  1  4]
 [14  9  8 12]
 [11  3  2  0]
 [10  7 13 15]]   step 11
---------------
[[ 5  6  1  4]
 [14  9  8  0]
 [11  3  2 12]
 [10  7 13 15]]   step 12
---------------
[[ 5  6  1  4]
 [14  9  0  8]
 [11  3  2 12]
 [10  7 13 15]]   step 13
---------------
[[ 5  6  1  4]
 [14  9  2  8]
 [11  3  0 12]
 [10  7 13 15]]   step 14
---------------
[[ 5  6  1  4]
 [14  9  2  8]
 [11  0  3 12]
 [10  7 13 15]]   step 15
---------------
[[ 5  6  1  4]
 [14  9  2  8]
 [ 0 11  3 12]
 [10  7 13 15]]   step 16
---------------
[[ 5  6  1  4]
 [ 0  9  2  8]
 [14 11  3 12]
 [10  7 13 15]]   step 17
---------------
[[ 5  6  1  4]
 [ 9  0  2  8]
 [14 11  3 12]
 [10  7 13 15]]   step 18
---------------
[[ 5  0  1  4]
 [ 9  6  2  8]
 [14 11  3 12]
 [10  7 13 15]]   step 19
---------------
[[ 5  1  0  4]
 [ 9  6  2  8]
 [14 11  3 12]
 [10  7 13 15]]   step 20
---------------
[[ 5  1  2  4]
 [ 9  6  0  8]
 [14 11  3 12]
 [10  7 13 15]]   step 21
---------------
[[ 5  1  2  4]
 [ 9  6  3  8]
 [14 11  0 12]
 [10  7 13 15]]   step 22
---------------
[[ 5  1  2  4]
 [ 9  6  3  8]
 [14  0 11 12]
 [10  7 13 15]]   step 23
---------------
[[ 5  1  2  4]
 [ 9  6  3  8]
 [14  7 11 12]
 [10  0 13 15]]   step 24
---------------
[[ 5  1  2  4]
 [ 9  6  3  8]
 [14  7 11 12]
 [10 13  0 15]]   step 25
---------------
[[ 5  1  2  4]
 [ 9  6  3  8]
 [14  7  0 12]
 [10 13 11 15]]   step 26
---------------
[[ 5  1  2  4]
 [ 9  6  3  8]
 [14  0  7 12]
 [10 13 11 15]]   step 27
---------------
[[ 5  1  2  4]
 [ 9  6  3  8]
 [ 0 14  7 12]
 [10 13 11 15]]   step 28
---------------
[[ 5  1  2  4]
 [ 9  6  3  8]
 [10 14  7 12]
 [ 0 13 11 15]]   step 29
---------------
[[ 5  1  2  4]
 [ 9  6  3  8]
 [10 14  7 12]
 [13  0 11 15]]   step 30
---------------
[[ 5  1  2  4]
 [ 9  6  3  8]
 [10  0  7 12]
 [13 14 11 15]]   step 31
---------------
[[ 5  1  2  4]
 [ 9  6  3  8]
 [ 0 10  7 12]
 [13 14 11 15]]   step 32
---------------
[[ 5  1  2  4]
 [ 0  6  3  8]
 [ 9 10  7 12]
 [13 14 11 15]]   step 33
---------------
[[ 0  1  2  4]
 [ 5  6  3  8]
 [ 9 10  7 12]
 [13 14 11 15]]   step 34
---------------
[[ 1  0  2  4]
 [ 5  6  3  8]
 [ 9 10  7 12]
 [13 14 11 15]]   step 35
---------------
[[ 1  2  0  4]
 [ 5  6  3  8]
 [ 9 10  7 12]
 [13 14 11 15]]   step 36
---------------
[[ 1  2  3  4]
 [ 5  6  0  8]
 [ 9 10  7 12]
 [13 14 11 15]]   step 37
---------------
[[ 1  2  3  4]
 [ 5  6  7  8]
 [ 9 10  0 12]
 [13 14 11 15]]   step 38
---------------
[[ 1  2  3  4]
 [ 5  6  7  8]
 [ 9 10 11 12]
 [13 14  0 15]]   step 39
---------------
[[ 1  2  3  4]
 [ 5  6  7  8]
 [ 9 10 11 12]
 [13 14 15  0]]   step 40
---------------
We tried 40 times
The search time is 0.035219900000000026 seconds!
