[[14 10  6  0]
 [ 4  9  1  8]
 [ 2  3  5 11]
 [12 13  7 15]]
---------------
[[14 10  0  6]
 [ 4  9  1  8]
 [ 2  3  5 11]
 [12 13  7 15]]   step 1
---------------
[[14  0 10  6]
 [ 4  9  1  8]
 [ 2  3  5 11]
 [12 13  7 15]]   step 2
---------------
[[14  9 10  6]
 [ 4  0  1  8]
 [ 2  3  5 11]
 [12 13  7 15]]   step 3
---------------
[[14  9 10  6]
 [ 0  4  1  8]
 [ 2  3  5 11]
 [12 13  7 15]]   step 4
---------------
[[ 0  9 10  6]
 [14  4  1  8]
 [ 2  3  5 11]
 [12 13  7 15]]   step 5
---------------
[[ 9  0 10  6]
 [14  4  1  8]
 [ 2  3  5 11]
 [12 13  7 15]]   step 6
---------------
[[ 9  4 10  6]
 [14  0  1  8]
 [ 2  3  5 11]
 [12 13  7 15]]   step 7
---------------
[[ 9  4 10  6]
 [14  1  0  8]
 [ 2  3  5 11]
 [12 13  7 15]]   step 8
---------------
[[ 9  4  0  6]
 [14  1 10  8]
 [ 2  3  5 11]
 [12 13  7 15]]   step 9
---------------
[[ 9  0  4  6]
 [14  1 10  8]
 [ 2  3  5 11]
 [12 13  7 15]]   step 10
---------------
[[ 9  1  4  6]
 [14  0 10  8]
 [ 2  3  5 11]
 [12 13  7 15]]   step 11
---------------
[[ 9  1  4  6]
 [14  3 10  8]
 [ 2  0  5 11]
 [12 13  7 15]]   step 12
---------------
[[ 9  1  4  6]
 [14  3 10  8]
 [ 0  2  5 11]
 [12 13  7 15]]   step 13
---------------
[[ 9  1  4  6]
 [ 0  3 10  8]
 [14  2  5 11]
 [12 13  7 15]]   step 14
---------------
[[ 0  1  4  6]
 [ 9  3 10  8]
 [14  2  5 11]
 [12 13  7 15]]   step 15
---------------
[[ 1  0  4  6]
 [ 9  3 10  8]
 [14  2  5 11]
 [12 13  7 15]]   step 16
---------------
[[ 1  3  4  6]
 [ 9  0 10  8]
 [14  2  5 11]
 [12 13  7 15]]   step 17
---------------
[[ 1  3  4  6]
 [ 9  2 10  8]
 [14  0  5 11]
 [12 13  7 15]]   step 18
---------------
[[ 1  3  4  6]
 [ 9  2 10  8]
 [14  5  0 11]
 [12 13  7 15]]   step 19
---------------
[[ 1  3  4  6]
 [ 9  2 10  8]
 [14  5 11  0]
 [12 13  7 15]]   step 20
---------------
[[ 1  3  4  6]
 [ 9  2 10  0]
 [14  5 11  8]
 [12 13  7 15]]   step 21
---------------
[[ 1  3  4  0]
 [ 9  2 10  6]
 [14  5 11  8]
 [12 13  7 15]]   step 22
---------------
[[ 1  3  0  4]
 [ 9  2 10  6]
 [14  5 11  8]
 [12 13  7 15]]   step 23
---------------
[[ 1  0  3  4]
 [ 9  2 10  6]
 [14  5 11  8]
 [12 13  7 15]]   step 24
---------------
[[ 1  2  3  4]
 [ 9  0 10  6]
 [14  5 11  8]
 [12 13  7 15]]   step 25
---------------
[[ 1  2  3  4]
 [ 9  5 10  6]
 [14  0 11  8]
 [12 13  7 15]]   step 26
---------------
[[ 1  2  3  4]
 [ 9  5 10  6]
 [14 13 11  8]
 [12  0  7 15]]   step 27
---------------
[[ 1  2  3  4]
 [ 9  5 10  6]
 [14 13 11  8]
 [ 0 12  7 15]]   step 28
---------------
[[ 1  2  3  4]
 [ 9  5 10  6]
 [ 0 13 11  8]
 [14 12  7 15]]   step 29
---------------
[[ 1  2  3  4]
 [ 9  5 10  6]
 [13  0 11  8]
 [14 12  7 15]]   step 30
---------------
[[ 1  2  3  4]
 [ 9  5 10  6]
 [13 12 11  8]
 [14  0  7 15]]   step 31
---------------
[[ 1  2  3  4]
 [ 9  5 10  6]
 [13 12 11  8]
 [14  7  0 15]]   step 32
---------------
[[ 1  2  3  4]
 [ 9  5 10  6]
 [13 12  0  8]
 [14  7 11 15]]   step 33
---------------
[[ 1  2  3  4]
 [ 9  5 10  6]
 [13  0 12  8]
 [14  7 11 15]]   step 34
---------------
[[ 1  2  3  4]
 [ 9  5 10  6]
 [13  7 12  8]
 [14  0 11 15]]   step 35
---------------
[[ 1  2  3  4]
 [ 9  5 10  6]
 [13  7 12  8]
 [ 0 14 11 15]]   step 36
---------------
[[ 1  2  3  4]
 [ 9  5 10  6]
 [ 0  7 12  8]
 [13 14 11 15]]   step 37
---------------
[[ 1  2  3  4]
 [ 0  5 10  6]
 [ 9  7 12  8]
 [13 14 11 15]]   step 38
---------------
[[ 1  2  3  4]
 [ 5  0 10  6]
 [ 9  7 12  8]
 [13 14 11 15]]   step 39
---------------
[[ 1  2  3  4]
 [ 5 10  0  6]
 [ 9  7 12  8]
 [13 14 11 15]]   step 40
---------------
[[ 1  2  3  4]
 [ 5 10  6  0]
 [ 9  7 12  8]
 [13 14 11 15]]   step 41
---------------
[[ 1  2  3  4]
 [ 5 10  6  8]
 [ 9  7 12  0]
 [13 14 11 15]]   step 42
---------------
[[ 1  2  3  4]
 [ 5 10  6  8]
 [ 9  7  0 12]
 [13 14 11 15]]   step 43
---------------
[[ 1  2  3  4]
 [ 5 10  6  8]
 [ 9  0  7 12]
 [13 14 11 15]]   step 44
---------------
[[ 1  2  3  4]
 [ 5  0  6  8]
 [ 9 10  7 12]
 [13 14 11 15]]   step 45
---------------
[[ 1  2  3  4]
 [ 5  6  0  8]
 [ 9 10  7 12]
 [13 14 11 15]]   step 46
---------------
[[ 1  2  3  4]
 [ 5  6  7  8]
 [ 9 10  0 12]
 [13 14 11 15]]   step 47
---------------
[[ 1  2  3  4]
 [ 5  6  7  8]
 [ 9 10 11 12]
 [13 14  0 15]]   step 48
---------------
[[ 1  2  3  4]
 [ 5  6  7  8]
 [ 9 10 11 12]
 [13 14 15  0]]   step 49
---------------
We tried 49 times
The search time is 95.5534819 seconds!
