[[11  3  1  7]
 [ 4  6  8  2]
 [15  9 10 13]
 [14 12  5  0]]
---------------
[[11  3  1  7]
 [ 4  6  8  2]
 [15  9 10 13]
 [14 12  0  5]]   step 1
---------------
[[11  3  1  7]
 [ 4  6  8  2]
 [15  9 10 13]
 [14  0 12  5]]   step 2
---------------
[[11  3  1  7]
 [ 4  6  8  2]
 [15  0 10 13]
 [14  9 12  5]]   step 3
---------------
[[11  3  1  7]
 [ 4  6  8  2]
 [15 10  0 13]
 [14  9 12  5]]   step 4
---------------
[[11  3  1  7]
 [ 4  6  8  2]
 [15 10 13  0]
 [14  9 12  5]]   step 5
---------------
[[11  3  1  7]
 [ 4  6  8  2]
 [15 10 13  5]
 [14  9 12  0]]   step 6
---------------
[[11  3  1  7]
 [ 4  6  8  2]
 [15 10 13  5]
 [14  9  0 12]]   step 7
---------------
[[11  3  1  7]
 [ 4  6  8  2]
 [15 10  0  5]
 [14  9 13 12]]   step 8
---------------
[[11  3  1  7]
 [ 4  6  8  2]
 [15 10  5  0]
 [14  9 13 12]]   step 9
---------------
[[11  3  1  7]
 [ 4  6  8  0]
 [15 10  5  2]
 [14  9 13 12]]   step 10
---------------
[[11  3  1  7]
 [ 4  6  0  8]
 [15 10  5  2]
 [14  9 13 12]]   step 11
---------------
[[11  3  1  7]
 [ 4  0  6  8]
 [15 10  5  2]
 [14  9 13 12]]   step 12
---------------
[[11  0  1  7]
 [ 4  3  6  8]
 [15 10  5  2]
 [14  9 13 12]]   step 13
---------------
[[11  1  0  7]
 [ 4  3  6  8]
 [15 10  5  2]
 [14  9 13 12]]   step 14
---------------
[[11  1  6  7]
 [ 4  3  0  8]
 [15 10  5  2]
 [14  9 13 12]]   step 15
---------------
[[11  1  6  7]
 [ 4  0  3  8]
 [15 10  5  2]
 [14  9 13 12]]   step 16
---------------
[[11  1  6  7]
 [ 0  4  3  8]
 [15 10  5  2]
 [14  9 13 12]]   step 17
---------------
[[ 0  1  6  7]
 [11  4  3  8]
 [15 10  5  2]
 [14  9 13 12]]   step 18
---------------
[[ 1  0  6  7]
 [11  4  3  8]
 [15 10  5  2]
 [14  9 13 12]]   step 19
---------------
[[ 1  4  6  7]
 [11  0  3  8]
 [15 10  5  2]
 [14  9 13 12]]   step 20
---------------
[[ 1  4  6  7]
 [11 10  3  8]
 [15  0  5  2]
 [14  9 13 12]]   step 21
---------------
[[ 1  4  6  7]
 [11 10  3  8]
 [15  5  0  2]
 [14  9 13 12]]   step 22
---------------
[[ 1  4  6  7]
 [11 10  3  8]
 [15  5  2  0]
 [14  9 13 12]]   step 23
---------------
[[ 1  4  6  7]
 [11 10  3  0]
 [15  5  2  8]
 [14  9 13 12]]   step 24
---------------
[[ 1  4  6  7]
 [11 10  0  3]
 [15  5  2  8]
 [14  9 13 12]]   step 25
---------------
[[ 1  4  6  7]
 [11  0 10  3]
 [15  5  2  8]
 [14  9 13 12]]   step 26
---------------
[[ 1  4  6  7]
 [11  5 10  3]
 [15  0  2  8]
 [14  9 13 12]]   step 27
---------------
[[ 1  4  6  7]
 [11  5 10  3]
 [ 0 15  2  8]
 [14  9 13 12]]   step 28
---------------
[[ 1  4  6  7]
 [ 0  5 10  3]
 [11 15  2  8]
 [14  9 13 12]]   step 29
---------------
[[ 1  4  6  7]
 [ 5  0 10  3]
 [11 15  2  8]
 [14  9 13 12]]   step 30
---------------
[[ 1  4  6  7]
 [ 5 10  0  3]
 [11 15  2  8]
 [14  9 13 12]]   step 31
---------------
[[ 1  4  6  7]
 [ 5 10  2  3]
 [11 15  0  8]
 [14  9 13 12]]   step 32
---------------
[[ 1  4  6  7]
 [ 5 10  2  3]
 [11  0 15  8]
 [14  9 13 12]]   step 33
---------------
[[ 1  4  6  7]
 [ 5 10  2  3]
 [ 0 11 15  8]
 [14  9 13 12]]   step 34
---------------
[[ 1  4  6  7]
 [ 5 10  2  3]
 [14 11 15  8]
 [ 0  9 13 12]]   step 35
---------------
[[ 1  4  6  7]
 [ 5 10  2  3]
 [14 11 15  8]
 [ 9  0 13 12]]   step 36
---------------
[[ 1  4  6  7]
 [ 5 10  2  3]
 [14 11 15  8]
 [ 9 13  0 12]]   step 37
---------------
[[ 1  4  6  7]
 [ 5 10  2  3]
 [14 11  0  8]
 [ 9 13 15 12]]   step 38
---------------
[[ 1  4  6  7]
 [ 5 10  2  3]
 [14  0 11  8]
 [ 9 13 15 12]]   step 39
---------------
[[ 1  4  6  7]
 [ 5 10  2  3]
 [ 0 14 11  8]
 [ 9 13 15 12]]   step 40
---------------
[[ 1  4  6  7]
 [ 5 10  2  3]
 [ 9 14 11  8]
 [ 0 13 15 12]]   step 41
---------------
[[ 1  4  6  7]
 [ 5 10  2  3]
 [ 9 14 11  8]
 [13  0 15 12]]   step 42
---------------
[[ 1  4  6  7]
 [ 5 10  2  3]
 [ 9  0 11  8]
 [13 14 15 12]]   step 43
---------------
[[ 1  4  6  7]
 [ 5  0  2  3]
 [ 9 10 11  8]
 [13 14 15 12]]   step 44
---------------
[[ 1  4  6  7]
 [ 5  2  0  3]
 [ 9 10 11  8]
 [13 14 15 12]]   step 45
---------------
[[ 1  4  0  7]
 [ 5  2  6  3]
 [ 9 10 11  8]
 [13 14 15 12]]   step 46
---------------
[[ 1  0  4  7]
 [ 5  2  6  3]
 [ 9 10 11  8]
 [13 14 15 12]]   step 47
---------------
[[ 1  2  4  7]
 [ 5  0  6  3]
 [ 9 10 11  8]
 [13 14 15 12]]   step 48
---------------
[[ 1  2  4  7]
 [ 5  6  0  3]
 [ 9 10 11  8]
 [13 14 15 12]]   step 49
---------------
[[ 1  2  4  7]
 [ 5  6  3  0]
 [ 9 10 11  8]
 [13 14 15 12]]   step 50
---------------
[[ 1  2  4  0]
 [ 5  6  3  7]
 [ 9 10 11  8]
 [13 14 15 12]]   step 51
---------------
[[ 1  2  0  4]
 [ 5  6  3  7]
 [ 9 10 11  8]
 [13 14 15 12]]   step 52
---------------
[[ 1  2  3  4]
 [ 5  6  0  7]
 [ 9 10 11  8]
 [13 14 15 12]]   step 53
---------------
[[ 1  2  3  4]
 [ 5  6  7  0]
 [ 9 10 11  8]
 [13 14 15 12]]   step 54
---------------
[[ 1  2  3  4]
 [ 5  6  7  8]
 [ 9 10 11  0]
 [13 14 15 12]]   step 55
---------------
[[ 1  2  3  4]
 [ 5  6  7  8]
 [ 9 10 11 12]
 [13 14 15  0]]   step 56
---------------
We tried 56 times
The search time is 37852.229448599996 seconds!
