 [ 0  5 15 14]
 [ 7  9  6 13]
 [ 1  2 12 10]
 [ 8 11  4  3]
---------------
 [ 7  5 15 14]
 [ 0  9  6 13]
 [ 1  2 12 10]
 [ 8 11  4  3]   step 1
---------------
 [ 7  5 15 14]
 [ 9  0  6 13]
 [ 1  2 12 10]
 [ 8 11  4  3]   step 2
---------------
 [ 7  5 15 14]
 [ 9  2  6 13]
 [ 1  0 12 10]
 [ 8 11  4  3]   step 3
---------------
 [ 7  5 15 14]
 [ 9  2  6 13]
 [ 0  1 12 10]
 [ 8 11  4  3]   step 4
---------------
 [ 7  5 15 14]
 [ 0  2  6 13]
 [ 9  1 12 10]
 [ 8 11  4  3]   step 5
---------------
 [ 7  5 15 14]
 [ 2  0  6 13]
 [ 9  1 12 10]
 [ 8 11  4  3]   step 6
---------------
 [ 7  0 15 14]
 [ 2  5  6 13]
 [ 9  1 12 10]
 [ 8 11  4  3]   step 7
---------------
 [ 0  7 15 14]
 [ 2  5  6 13]
 [ 9  1 12 10]
 [ 8 11  4  3]   step 8
---------------
 [ 2  7 15 14]
 [ 0  5  6 13]
 [ 9  1 12 10]
 [ 8 11  4  3]   step 9
---------------
 [ 2  7 15 14]
 [ 5  0  6 13]
 [ 9  1 12 10]
 [ 8 11  4  3]   step 10
---------------
 [ 2  7 15 14]
 [ 5  1  6 13]
 [ 9  0 12 10]
 [ 8 11  4  3]   step 11
---------------
 [ 2  7 15 14]
 [ 5  1  6 13]
 [ 9 11 12 10]
 [ 8  0  4  3]   step 12
---------------
 [ 2  7 15 14]
 [ 5  1  6 13]
 [ 9 11 12 10]
 [ 0  8  4  3]   step 13
---------------
 [ 2  7 15 14]
 [ 5  1  6 13]
 [ 0 11 12 10]
 [ 9  8  4  3]   step 14
---------------
 [ 2  7 15 14]
 [ 0  1  6 13]
 [ 5 11 12 10]
 [ 9  8  4  3]   step 15
---------------
 [ 2  7 15 14]
 [ 1  0  6 13]
 [ 5 11 12 10]
 [ 9  8  4  3]   step 16
---------------
 [ 2  7 15 14]
 [ 1  6  0 13]
 [ 5 11 12 10]
 [ 9  8  4  3]   step 17
---------------
 [ 2  7 15 14]
 [ 1  6 12 13]
 [ 5 11  0 10]
 [ 9  8  4  3]   step 18
---------------
 [ 2  7 15 14]
 [ 1  6 12 13]
 [ 5 11 10  0]
 [ 9  8  4  3]   step 19
---------------
 [ 2  7 15 14]
 [ 1  6 12 13]
 [ 5 11 10  3]
 [ 9  8  4  0]   step 20
---------------
 [ 2  7 15 14]
 [ 1  6 12 13]
 [ 5 11 10  3]
 [ 9  8  0  4]   step 21
---------------
 [ 2  7 15 14]
 [ 1  6 12 13]
 [ 5 11 10  3]
 [ 9  0  8  4]   step 22
---------------
 [ 2  7 15 14]
 [ 1  6 12 13]
 [ 5  0 10  3]
 [ 9 11  8  4]   step 23
---------------
 [ 2  7 15 14]
 [ 1  6 12 13]
 [ 5 10  0  3]
 [ 9 11  8  4]   step 24
---------------
 [ 2  7 15 14]
 [ 1  6  0 13]
 [ 5 10 12  3]
 [ 9 11  8  4]   step 25
---------------
 [ 2  7 15 14]
 [ 1  6 13  0]
 [ 5 10 12  3]
 [ 9 11  8  4]   step 26
---------------
 [ 2  7 15 14]
 [ 1  6 13  3]
 [ 5 10 12  0]
 [ 9 11  8  4]   step 27
---------------
 [ 2  7 15 14]
 [ 1  6 13  3]
 [ 5 10 12  4]
 [ 9 11  8  0]   step 28
---------------
 [ 2  7 15 14]
 [ 1  6 13  3]
 [ 5 10 12  4]
 [ 9 11  0  8]   step 29
---------------
 [ 2  7 15 14]
 [ 1  6 13  3]
 [ 5 10  0  4]
 [ 9 11 12  8]   step 30
---------------
 [ 2  7 15 14]
 [ 1  6  0  3]
 [ 5 10 13  4]
 [ 9 11 12  8]   step 31
---------------
 [ 2  7  0 14]
 [ 1  6 15  3]
 [ 5 10 13  4]
 [ 9 11 12  8]   step 32
---------------
 [ 2  7 14  0]
 [ 1  6 15  3]
 [ 5 10 13  4]
 [ 9 11 12  8]   step 33
---------------
 [ 2  7 14  3]
 [ 1  6 15  0]
 [ 5 10 13  4]
 [ 9 11 12  8]   step 34
---------------
 [ 2  7 14  3]
 [ 1  6 15  4]
 [ 5 10 13  0]
 [ 9 11 12  8]   step 35
---------------
 [ 2  7 14  3]
 [ 1  6 15  4]
 [ 5 10 13  8]
 [ 9 11 12  0]   step 36
---------------
 [ 2  7 14  3]
 [ 1  6 15  4]
 [ 5 10 13  8]
 [ 9 11  0 12]   step 37
---------------
 [ 2  7 14  3]
 [ 1  6 15  4]
 [ 5 10  0  8]
 [ 9 11 13 12]   step 38
---------------
 [ 2  7 14  3]
 [ 1  6  0  4]
 [ 5 10 15  8]
 [ 9 11 13 12]   step 39
---------------
 [ 2  7  0  3]
 [ 1  6 14  4]
 [ 5 10 15  8]
 [ 9 11 13 12]   step 40
---------------
 [ 2  0  7  3]
 [ 1  6 14  4]
 [ 5 10 15  8]
 [ 9 11 13 12]   step 41
---------------
 [ 0  2  7  3]
 [ 1  6 14  4]
 [ 5 10 15  8]
 [ 9 11 13 12]   step 42
---------------
 [ 1  2  7  3]
 [ 0  6 14  4]
 [ 5 10 15  8]
 [ 9 11 13 12]   step 43
---------------
 [ 1  2  7  3]
 [ 5  6 14  4]
 [ 0 10 15  8]
 [ 9 11 13 12]   step 44
---------------
 [ 1  2  7  3]
 [ 5  6 14  4]
 [10  0 15  8]
 [ 9 11 13 12]   step 45
---------------
 [ 1  2  7  3]
 [ 5  6 14  4]
 [10 11 15  8]
 [ 9  0 13 12]   step 46
---------------
 [ 1  2  7  3]
 [ 5  6 14  4]
 [10 11 15  8]
 [ 9 13  0 12]   step 47
---------------
 [ 1  2  7  3]
 [ 5  6 14  4]
 [10 11  0  8]
 [ 9 13 15 12]   step 48
---------------
 [ 1  2  7  3]
 [ 5  6  0  4]
 [10 11 14  8]
 [ 9 13 15 12]   step 49
---------------
 [ 1  2  0  3]
 [ 5  6  7  4]
 [10 11 14  8]
 [ 9 13 15 12]   step 50
---------------
 [ 1  2  3  0]
 [ 5  6  7  4]
 [10 11 14  8]
 [ 9 13 15 12]   step 51
---------------
 [ 1  2  3  4]
 [ 5  6  7  0]
 [10 11 14  8]
 [ 9 13 15 12]   step 52
---------------
 [ 1  2  3  4]
 [ 5  6  7  8]
 [10 11 14  0]
 [ 9 13 15 12]   step 53
---------------
 [ 1  2  3  4]
 [ 5  6  7  8]
 [10 11 14 12]
 [ 9 13 15  0]   step 54
---------------
 [ 1  2  3  4]
 [ 5  6  7  8]
 [10 11 14 12]
 [ 9 13  0 15]   step 55
---------------
 [ 1  2  3  4]
 [ 5  6  7  8]
 [10 11  0 12]
 [ 9 13 14 15]   step 56
---------------
 [ 1  2  3  4]
 [ 5  6  7  8]
 [10  0 11 12]
 [ 9 13 14 15]   step 57
---------------
 [ 1  2  3  4]
 [ 5  6  7  8]
 [ 0 10 11 12]
 [ 9 13 14 15]   step 58
---------------
 [ 1  2  3  4]
 [ 5  6  7  8]
 [ 9 10 11 12]
 [ 0 13 14 15]   step 59
---------------
 [ 1  2  3  4]
 [ 5  6  7  8]
 [ 9 10 11 12]
 [13  0 14 15]   step 60
---------------
 [ 1  2  3  4]
 [ 5  6  7  8]
 [ 9 10 11 12]
 [13 14  0 15]   step 61
---------------
 [ 1  2  3  4]
 [ 5  6  7  8]
 [ 9 10 11 12]
 [13 14 15  0]   step 62
---------------
We tried 62 times
The search time is 28601.4116929 seconds!
