[[ 6 10  3 15]
 [14  8  7 11]
 [ 5  1  0  2]
 [13 12  9  4]]
---------------
[[ 6 10  3 15]
 [14  8  7 11]
 [ 5  1  9  2]
 [13 12  0  4]]   step 1
---------------
[[ 6 10  3 15]
 [14  8  7 11]
 [ 5  1  9  2]
 [13  0 12  4]]   step 2
---------------
[[ 6 10  3 15]
 [14  8  7 11]
 [ 5  1  9  2]
 [ 0 13 12  4]]   step 3
---------------
[[ 6 10  3 15]
 [14  8  7 11]
 [ 0  1  9  2]
 [ 5 13 12  4]]   step 4
---------------
[[ 6 10  3 15]
 [14  8  7 11]
 [ 1  0  9  2]
 [ 5 13 12  4]]   step 5
---------------
[[ 6 10  3 15]
 [14  8  7 11]
 [ 1  9  0  2]
 [ 5 13 12  4]]   step 6
---------------
[[ 6 10  3 15]
 [14  8  0 11]
 [ 1  9  7  2]
 [ 5 13 12  4]]   step 7
---------------
[[ 6 10  3 15]
 [14  8 11  0]
 [ 1  9  7  2]
 [ 5 13 12  4]]   step 8
---------------
[[ 6 10  3 15]
 [14  8 11  2]
 [ 1  9  7  0]
 [ 5 13 12  4]]   step 9
---------------
[[ 6 10  3 15]
 [14  8 11  2]
 [ 1  9  7  4]
 [ 5 13 12  0]]   step 10
---------------
[[ 6 10  3 15]
 [14  8 11  2]
 [ 1  9  7  4]
 [ 5 13  0 12]]   step 11
---------------
[[ 6 10  3 15]
 [14  8 11  2]
 [ 1  9  7  4]
 [ 5  0 13 12]]   step 12
---------------
[[ 6 10  3 15]
 [14  8 11  2]
 [ 1  0  7  4]
 [ 5  9 13 12]]   step 13
---------------
[[ 6 10  3 15]
 [14  8 11  2]
 [ 1  7  0  4]
 [ 5  9 13 12]]   step 14
---------------
[[ 6 10  3 15]
 [14  8  0  2]
 [ 1  7 11  4]
 [ 5  9 13 12]]   step 15
---------------
[[ 6 10  3 15]
 [14  8  2  0]
 [ 1  7 11  4]
 [ 5  9 13 12]]   step 16
---------------
[[ 6 10  3  0]
 [14  8  2 15]
 [ 1  7 11  4]
 [ 5  9 13 12]]   step 17
---------------
[[ 6 10  0  3]
 [14  8  2 15]
 [ 1  7 11  4]
 [ 5  9 13 12]]   step 18
---------------
[[ 6 10  2  3]
 [14  8  0 15]
 [ 1  7 11  4]
 [ 5  9 13 12]]   step 19
---------------
[[ 6 10  2  3]
 [14  8 15  0]
 [ 1  7 11  4]
 [ 5  9 13 12]]   step 20
---------------
[[ 6 10  2  3]
 [14  8 15  4]
 [ 1  7 11  0]
 [ 5  9 13 12]]   step 21
---------------
[[ 6 10  2  3]
 [14  8 15  4]
 [ 1  7  0 11]
 [ 5  9 13 12]]   step 22
---------------
[[ 6 10  2  3]
 [14  8  0  4]
 [ 1  7 15 11]
 [ 5  9 13 12]]   step 23
---------------
[[ 6 10  2  3]
 [14  0  8  4]
 [ 1  7 15 11]
 [ 5  9 13 12]]   step 24
---------------
[[ 6 10  2  3]
 [ 0 14  8  4]
 [ 1  7 15 11]
 [ 5  9 13 12]]   step 25
---------------
[[ 6 10  2  3]
 [ 1 14  8  4]
 [ 0  7 15 11]
 [ 5  9 13 12]]   step 26
---------------
[[ 6 10  2  3]
 [ 1 14  8  4]
 [ 5  7 15 11]
 [ 0  9 13 12]]   step 27
---------------
[[ 6 10  2  3]
 [ 1 14  8  4]
 [ 5  7 15 11]
 [ 9  0 13 12]]   step 28
---------------
[[ 6 10  2  3]
 [ 1 14  8  4]
 [ 5  7 15 11]
 [ 9 13  0 12]]   step 29
---------------
[[ 6 10  2  3]
 [ 1 14  8  4]
 [ 5  7  0 11]
 [ 9 13 15 12]]   step 30
---------------
[[ 6 10  2  3]
 [ 1 14  8  4]
 [ 5  0  7 11]
 [ 9 13 15 12]]   step 31
---------------
[[ 6 10  2  3]
 [ 1  0  8  4]
 [ 5 14  7 11]
 [ 9 13 15 12]]   step 32
---------------
[[ 6  0  2  3]
 [ 1 10  8  4]
 [ 5 14  7 11]
 [ 9 13 15 12]]   step 33
---------------
[[ 0  6  2  3]
 [ 1 10  8  4]
 [ 5 14  7 11]
 [ 9 13 15 12]]   step 34
---------------
[[ 1  6  2  3]
 [ 0 10  8  4]
 [ 5 14  7 11]
 [ 9 13 15 12]]   step 35
---------------
[[ 1  6  2  3]
 [ 5 10  8  4]
 [ 0 14  7 11]
 [ 9 13 15 12]]   step 36
---------------
[[ 1  6  2  3]
 [ 5 10  8  4]
 [ 9 14  7 11]
 [ 0 13 15 12]]   step 37
---------------
[[ 1  6  2  3]
 [ 5 10  8  4]
 [ 9 14  7 11]
 [13  0 15 12]]   step 38
---------------
[[ 1  6  2  3]
 [ 5 10  8  4]
 [ 9  0  7 11]
 [13 14 15 12]]   step 39
---------------
[[ 1  6  2  3]
 [ 5  0  8  4]
 [ 9 10  7 11]
 [13 14 15 12]]   step 40
---------------
[[ 1  0  2  3]
 [ 5  6  8  4]
 [ 9 10  7 11]
 [13 14 15 12]]   step 41
---------------
[[ 1  2  0  3]
 [ 5  6  8  4]
 [ 9 10  7 11]
 [13 14 15 12]]   step 42
---------------
[[ 1  2  3  0]
 [ 5  6  8  4]
 [ 9 10  7 11]
 [13 14 15 12]]   step 43
---------------
[[ 1  2  3  4]
 [ 5  6  8  0]
 [ 9 10  7 11]
 [13 14 15 12]]   step 44
---------------
[[ 1  2  3  4]
 [ 5  6  0  8]
 [ 9 10  7 11]
 [13 14 15 12]]   step 45
---------------
[[ 1  2  3  4]
 [ 5  6  7  8]
 [ 9 10  0 11]
 [13 14 15 12]]   step 46
---------------
[[ 1  2  3  4]
 [ 5  6  7  8]
 [ 9 10 11  0]
 [13 14 15 12]]   step 47
---------------
[[ 1  2  3  4]
 [ 5  6  7  8]
 [ 9 10 11 12]
 [13 14 15  0]]   step 48
---------------
We tried 48 times
The search time is 384.8310241 seconds!
